4998
163 5
175 7
170 12
326 5
338 7
333 12
489 5
501 7
496 12
652 5
664 7
659 12
815 5
827 7
822 12
978 5
990 7
985 12
1141 5
1153 7
1148 12
1304 5
1316 7
1311 12
1467 5
1479 7
1474 12
1630 5
1642 7
1637 12
1793 5
1805 7
1800 12
1956 5
1968 7
1963 12
2119 5
2131 7
2126 12
2282 5
2294 7
2289 12
2445 5
2457 7
2452 12
2608 5
2620 7
2615 12
2771 5
2783 7
2778 12
2934 5
2946 7
2941 12
3097 5
3109 7
3104 12
3260 5
3272 7
3267 12
3423 5
3435 7
3430 12
3586 5
3598 7
3593 12
3749 5
3761 7
3756 12
3912 5
3924 7
3919 12
4075 5
4087 7
4082 12
4238 5
4250 7
4245 12
4401 5
4413 7
4408 12
4564 5
4576 7
4571 12
4727 5
4739 7
4734 12
4890 5
4902 7
4897 12
5053 5
5065 7
5060 12
5216 5
5228 7
5223 12
5379 5
5391 7
5386 12
5542 5
5554 7
5549 12
5705 5
5717 7
5712 12
5868 5
5880 7
5875 12
6031 5
6043 7
6038 12
6194 5
6206 7
6201 12
6357 5
6369 7
6364 12
6520 5
6532 7
6527 12
6683 5
6695 7
6690 12
6846 5
6858 7
6853 12
7009 5
7021 7
7016 12
7172 5
7184 7
7179 12
7335 5
7347 7
7342 12
7498 5
7510 7
7505 12
7661 5
7673 7
7668 12
7824 5
7836 7
7831 12
7987 5
7999 7
7994 12
8150 5
8162 7
8157 12
8313 5
8325 7
8320 12
8476 5
8488 7
8483 12
8639 5
8651 7
8646 12
8802 5
8814 7
8809 12
8965 5
8977 7
8972 12
9128 5
9140 7
9135 12
9291 5
9303 7
9298 12
9454 5
9466 7
9461 12
9617 5
9629 7
9624 12
9780 5
9792 7
9787 12
9943 5
9955 7
9950 12
10106 5
10118 7
10113 12
10269 5
10281 7
10276 12
10432 5
10444 7
10439 12
10595 5
10607 7
10602 12
10758 5
10770 7
10765 12
10921 5
10933 7
10928 12
11084 5
11096 7
11091 12
11247 5
11259 7
11254 12
11410 5
11422 7
11417 12
11573 5
11585 7
11580 12
11736 5
11748 7
11743 12
11899 5
11911 7
11906 12
12062 5
12074 7
12069 12
12225 5
12237 7
12232 12
12388 5
12400 7
12395 12
12551 5
12563 7
12558 12
12714 5
12726 7
12721 12
12877 5
12889 7
12884 12
13040 5
13052 7
13047 12
13203 5
13215 7
13210 12
13366 5
13378 7
13373 12
13529 5
13541 7
13536 12
13692 5
13704 7
13699 12
13855 5
13867 7
13862 12
14018 5
14030 7
14025 12
14181 5
14193 7
14188 12
14344 5
14356 7
14351 12
14507 5
14519 7
14514 12
14670 5
14682 7
14677 12
14833 5
14845 7
14840 12
14996 5
15008 7
15003 12
15159 5
15171 7
15166 12
15322 5
15334 7
15329 12
15485 5
15497 7
15492 12
15648 5
15660 7
15655 12
15811 5
15823 7
15818 12
15974 5
15986 7
15981 12
16137 5
16149 7
16144 12
16300 5
16312 7
16307 12
16463 5
16475 7
16470 12
16626 5
16638 7
16633 12
16789 5
16801 7
16796 12
16952 5
16964 7
16959 12
17115 5
17127 7
17122 12
17278 5
17290 7
17285 12
17441 5
17453 7
17448 12
17604 5
17616 7
17611 12
17767 5
17779 7
17774 12
17930 5
17942 7
17937 12
18093 5
18105 7
18100 12
18256 5
18268 7
18263 12
18419 5
18431 7
18426 12
18582 5
18594 7
18589 12
18745 5
18757 7
18752 12
18908 5
18920 7
18915 12
19071 5
19083 7
19078 12
19234 5
19246 7
19241 12
19397 5
19409 7
19404 12
19560 5
19572 7
19567 12
19723 5
19735 7
19730 12
19886 5
19898 7
19893 12
20049 5
20061 7
20056 12
20212 5
20224 7
20219 12
20375 5
20387 7
20382 12
20538 5
20550 7
20545 12
20701 5
20713 7
20708 12
20864 5
20876 7
20871 12
21027 5
21039 7
21034 12
21190 5
21202 7
21197 12
21353 5
21365 7
21360 12
21516 5
21528 7
21523 12
21679 5
21691 7
21686 12
21842 5
21854 7
21849 12
22005 5
22017 7
22012 12
22168 5
22180 7
22175 12
22331 5
22343 7
22338 12
22494 5
22506 7
22501 12
22657 5
22669 7
22664 12
22820 5
22832 7
22827 12
22983 5
22995 7
22990 12
23146 5
23158 7
23153 12
23309 5
23321 7
23316 12
23472 5
23484 7
23479 12
23635 5
23647 7
23642 12
23798 5
23810 7
23805 12
23961 5
23973 7
23968 12
24124 5
24136 7
24131 12
24287 5
24299 7
24294 12
24450 5
24462 7
24457 12
24613 5
24625 7
24620 12
24776 5
24788 7
24783 12
24939 5
24951 7
24946 12
25102 5
25114 7
25109 12
25265 5
25277 7
25272 12
25428 5
25440 7
25435 12
25591 5
25603 7
25598 12
25754 5
25766 7
25761 12
25917 5
25929 7
25924 12
26080 5
26092 7
26087 12
26243 5
26255 7
26250 12
26406 5
26418 7
26413 12
26569 5
26581 7
26576 12
26732 5
26744 7
26739 12
26895 5
26907 7
26902 12
27058 5
27070 7
27065 12
27221 5
27233 7
27228 12
27384 5
27396 7
27391 12
27547 5
27559 7
27554 12
27710 5
27722 7
27717 12
27873 5
27885 7
27880 12
28036 5
28048 7
28043 12
28199 5
28211 7
28206 12
28362 5
28374 7
28369 12
28525 5
28537 7
28532 12
28688 5
28700 7
28695 12
28851 5
28863 7
28858 12
29014 5
29026 7
29021 12
29177 5
29189 7
29184 12
29340 5
29352 7
29347 12
29503 5
29515 7
29510 12
29666 5
29678 7
29673 12
29829 5
29841 7
29836 12
29992 5
30004 7
29999 12
30155 5
30167 7
30162 12
30318 5
30330 7
30325 12
30481 5
30493 7
30488 12
30644 5
30656 7
30651 12
30807 5
30819 7
30814 12
30970 5
30982 7
30977 12
31133 5
31145 7
31140 12
31296 5
31308 7
31303 12
31459 5
31471 7
31466 12
31622 5
31634 7
31629 12
31785 5
31797 7
31792 12
31948 5
31960 7
31955 12
32111 5
32123 7
32118 12
32274 5
32286 7
32281 12
32437 5
32449 7
32444 12
32600 5
32612 7
32607 12
32763 5
32775 7
32770 12
32926 5
32938 7
32933 12
33089 5
33101 7
33096 12
33252 5
33264 7
33259 12
33415 5
33427 7
33422 12
33578 5
33590 7
33585 12
33741 5
33753 7
33748 12
33904 5
33916 7
33911 12
34067 5
34079 7
34074 12
34230 5
34242 7
34237 12
34393 5
34405 7
34400 12
34556 5
34568 7
34563 12
34719 5
34731 7
34726 12
34882 5
34894 7
34889 12
35045 5
35057 7
35052 12
35208 5
35220 7
35215 12
35371 5
35383 7
35378 12
35534 5
35546 7
35541 12
35697 5
35709 7
35704 12
35860 5
35872 7
35867 12
36023 5
36035 7
36030 12
36186 5
36198 7
36193 12
36349 5
36361 7
36356 12
36512 5
36524 7
36519 12
36675 5
36687 7
36682 12
36838 5
36850 7
36845 12
37001 5
37013 7
37008 12
37164 5
37176 7
37171 12
37327 5
37339 7
37334 12
37490 5
37502 7
37497 12
37653 5
37665 7
37660 12
37816 5
37828 7
37823 12
37979 5
37991 7
37986 12
38142 5
38154 7
38149 12
38305 5
38317 7
38312 12
38468 5
38480 7
38475 12
38631 5
38643 7
38638 12
38794 5
38806 7
38801 12
38957 5
38969 7
38964 12
39120 5
39132 7
39127 12
39283 5
39295 7
39290 12
39446 5
39458 7
39453 12
39609 5
39621 7
39616 12
39772 5
39784 7
39779 12
39935 5
39947 7
39942 12
40098 5
40110 7
40105 12
40261 5
40273 7
40268 12
40424 5
40436 7
40431 12
40587 5
40599 7
40594 12
40750 5
40762 7
40757 12
40913 5
40925 7
40920 12
41076 5
41088 7
41083 12
41239 5
41251 7
41246 12
41402 5
41414 7
41409 12
41565 5
41577 7
41572 12
41728 5
41740 7
41735 12
41891 5
41903 7
41898 12
42054 5
42066 7
42061 12
42217 5
42229 7
42224 12
42380 5
42392 7
42387 12
42543 5
42555 7
42550 12
42706 5
42718 7
42713 12
42869 5
42881 7
42876 12
43032 5
43044 7
43039 12
43195 5
43207 7
43202 12
43358 5
43370 7
43365 12
43521 5
43533 7
43528 12
43684 5
43696 7
43691 12
43847 5
43859 7
43854 12
44010 5
44022 7
44017 12
44173 5
44185 7
44180 12
44336 5
44348 7
44343 12
44499 5
44511 7
44506 12
44662 5
44674 7
44669 12
44825 5
44837 7
44832 12
44988 5
45000 7
44995 12
45151 5
45163 7
45158 12
45314 5
45326 7
45321 12
45477 5
45489 7
45484 12
45640 5
45652 7
45647 12
45803 5
45815 7
45810 12
45966 5
45978 7
45973 12
46129 5
46141 7
46136 12
46292 5
46304 7
46299 12
46455 5
46467 7
46462 12
46618 5
46630 7
46625 12
46781 5
46793 7
46788 12
46944 5
46956 7
46951 12
47107 5
47119 7
47114 12
47270 5
47282 7
47277 12
47433 5
47445 7
47440 12
47596 5
47608 7
47603 12
47759 5
47771 7
47766 12
47922 5
47934 7
47929 12
48085 5
48097 7
48092 12
48248 5
48260 7
48255 12
48411 5
48423 7
48418 12
48574 5
48586 7
48581 12
48737 5
48749 7
48744 12
48900 5
48912 7
48907 12
49063 5
49075 7
49070 12
49226 5
49238 7
49233 12
49389 5
49401 7
49396 12
49552 5
49564 7
49559 12
49715 5
49727 7
49722 12
49878 5
49890 7
49885 12
50041 5
50053 7
50048 12
50204 5
50216 7
50211 12
50367 5
50379 7
50374 12
50530 5
50542 7
50537 12
50693 5
50705 7
50700 12
50856 5
50868 7
50863 12
51019 5
51031 7
51026 12
51182 5
51194 7
51189 12
51345 5
51357 7
51352 12
51508 5
51520 7
51515 12
51671 5
51683 7
51678 12
51834 5
51846 7
51841 12
51997 5
52009 7
52004 12
52160 5
52172 7
52167 12
52323 5
52335 7
52330 12
52486 5
52498 7
52493 12
52649 5
52661 7
52656 12
52812 5
52824 7
52819 12
52975 5
52987 7
52982 12
53138 5
53150 7
53145 12
53301 5
53313 7
53308 12
53464 5
53476 7
53471 12
53627 5
53639 7
53634 12
53790 5
53802 7
53797 12
53953 5
53965 7
53960 12
54116 5
54128 7
54123 12
54279 5
54291 7
54286 12
54442 5
54454 7
54449 12
54605 5
54617 7
54612 12
54768 5
54780 7
54775 12
54931 5
54943 7
54938 12
55094 5
55106 7
55101 12
55257 5
55269 7
55264 12
55420 5
55432 7
55427 12
55583 5
55595 7
55590 12
55746 5
55758 7
55753 12
55909 5
55921 7
55916 12
56072 5
56084 7
56079 12
56235 5
56247 7
56242 12
56398 5
56410 7
56405 12
56561 5
56573 7
56568 12
56724 5
56736 7
56731 12
56887 5
56899 7
56894 12
57050 5
57062 7
57057 12
57213 5
57225 7
57220 12
57376 5
57388 7
57383 12
57539 5
57551 7
57546 12
57702 5
57714 7
57709 12
57865 5
57877 7
57872 12
58028 5
58040 7
58035 12
58191 5
58203 7
58198 12
58354 5
58366 7
58361 12
58517 5
58529 7
58524 12
58680 5
58692 7
58687 12
58843 5
58855 7
58850 12
59006 5
59018 7
59013 12
59169 5
59181 7
59176 12
59332 5
59344 7
59339 12
59495 5
59507 7
59502 12
59658 5
59670 7
59665 12
59821 5
59833 7
59828 12
59984 5
59996 7
59991 12
60147 5
60159 7
60154 12
60310 5
60322 7
60317 12
60473 5
60485 7
60480 12
60636 5
60648 7
60643 12
60799 5
60811 7
60806 12
60962 5
60974 7
60969 12
61125 5
61137 7
61132 12
61288 5
61300 7
61295 12
61451 5
61463 7
61458 12
61614 5
61626 7
61621 12
61777 5
61789 7
61784 12
61940 5
61952 7
61947 12
62103 5
62115 7
62110 12
62266 5
62278 7
62273 12
62429 5
62441 7
62436 12
62592 5
62604 7
62599 12
62755 5
62767 7
62762 12
62918 5
62930 7
62925 12
63081 5
63093 7
63088 12
63244 5
63256 7
63251 12
63407 5
63419 7
63414 12
63570 5
63582 7
63577 12
63733 5
63745 7
63740 12
63896 5
63908 7
63903 12
64059 5
64071 7
64066 12
64222 5
64234 7
64229 12
64385 5
64397 7
64392 12
64548 5
64560 7
64555 12
64711 5
64723 7
64718 12
64874 5
64886 7
64881 12
65037 5
65049 7
65044 12
65200 5
65212 7
65207 12
65363 5
65375 7
65370 12
65526 5
65538 7
65533 12
65689 5
65701 7
65696 12
65852 5
65864 7
65859 12
66015 5
66027 7
66022 12
66178 5
66190 7
66185 12
66341 5
66353 7
66348 12
66504 5
66516 7
66511 12
66667 5
66679 7
66674 12
66830 5
66842 7
66837 12
66993 5
67005 7
67000 12
67156 5
67168 7
67163 12
67319 5
67331 7
67326 12
67482 5
67494 7
67489 12
67645 5
67657 7
67652 12
67808 5
67820 7
67815 12
67971 5
67983 7
67978 12
68134 5
68146 7
68141 12
68297 5
68309 7
68304 12
68460 5
68472 7
68467 12
68623 5
68635 7
68630 12
68786 5
68798 7
68793 12
68949 5
68961 7
68956 12
69112 5
69124 7
69119 12
69275 5
69287 7
69282 12
69438 5
69450 7
69445 12
69601 5
69613 7
69608 12
69764 5
69776 7
69771 12
69927 5
69939 7
69934 12
70090 5
70102 7
70097 12
70253 5
70265 7
70260 12
70416 5
70428 7
70423 12
70579 5
70591 7
70586 12
70742 5
70754 7
70749 12
70905 5
70917 7
70912 12
71068 5
71080 7
71075 12
71231 5
71243 7
71238 12
71394 5
71406 7
71401 12
71557 5
71569 7
71564 12
71720 5
71732 7
71727 12
71883 5
71895 7
71890 12
72046 5
72058 7
72053 12
72209 5
72221 7
72216 12
72372 5
72384 7
72379 12
72535 5
72547 7
72542 12
72698 5
72710 7
72705 12
72861 5
72873 7
72868 12
73024 5
73036 7
73031 12
73187 5
73199 7
73194 12
73350 5
73362 7
73357 12
73513 5
73525 7
73520 12
73676 5
73688 7
73683 12
73839 5
73851 7
73846 12
74002 5
74014 7
74009 12
74165 5
74177 7
74172 12
74328 5
74340 7
74335 12
74491 5
74503 7
74498 12
74654 5
74666 7
74661 12
74817 5
74829 7
74824 12
74980 5
74992 7
74987 12
75143 5
75155 7
75150 12
75306 5
75318 7
75313 12
75469 5
75481 7
75476 12
75632 5
75644 7
75639 12
75795 5
75807 7
75802 12
75958 5
75970 7
75965 12
76121 5
76133 7
76128 12
76284 5
76296 7
76291 12
76447 5
76459 7
76454 12
76610 5
76622 7
76617 12
76773 5
76785 7
76780 12
76936 5
76948 7
76943 12
77099 5
77111 7
77106 12
77262 5
77274 7
77269 12
77425 5
77437 7
77432 12
77588 5
77600 7
77595 12
77751 5
77763 7
77758 12
77914 5
77926 7
77921 12
78077 5
78089 7
78084 12
78240 5
78252 7
78247 12
78403 5
78415 7
78410 12
78566 5
78578 7
78573 12
78729 5
78741 7
78736 12
78892 5
78904 7
78899 12
79055 5
79067 7
79062 12
79218 5
79230 7
79225 12
79381 5
79393 7
79388 12
79544 5
79556 7
79551 12
79707 5
79719 7
79714 12
79870 5
79882 7
79877 12
80033 5
80045 7
80040 12
80196 5
80208 7
80203 12
80359 5
80371 7
80366 12
80522 5
80534 7
80529 12
80685 5
80697 7
80692 12
80848 5
80860 7
80855 12
81011 5
81023 7
81018 12
81174 5
81186 7
81181 12
81337 5
81349 7
81344 12
81500 5
81512 7
81507 12
81663 5
81675 7
81670 12
81826 5
81838 7
81833 12
81989 5
82001 7
81996 12
82152 5
82164 7
82159 12
82315 5
82327 7
82322 12
82478 5
82490 7
82485 12
82641 5
82653 7
82648 12
82804 5
82816 7
82811 12
82967 5
82979 7
82974 12
83130 5
83142 7
83137 12
83293 5
83305 7
83300 12
83456 5
83468 7
83463 12
83619 5
83631 7
83626 12
83782 5
83794 7
83789 12
83945 5
83957 7
83952 12
84108 5
84120 7
84115 12
84271 5
84283 7
84278 12
84434 5
84446 7
84441 12
84597 5
84609 7
84604 12
84760 5
84772 7
84767 12
84923 5
84935 7
84930 12
85086 5
85098 7
85093 12
85249 5
85261 7
85256 12
85412 5
85424 7
85419 12
85575 5
85587 7
85582 12
85738 5
85750 7
85745 12
85901 5
85913 7
85908 12
86064 5
86076 7
86071 12
86227 5
86239 7
86234 12
86390 5
86402 7
86397 12
86553 5
86565 7
86560 12
86716 5
86728 7
86723 12
86879 5
86891 7
86886 12
87042 5
87054 7
87049 12
87205 5
87217 7
87212 12
87368 5
87380 7
87375 12
87531 5
87543 7
87538 12
87694 5
87706 7
87701 12
87857 5
87869 7
87864 12
88020 5
88032 7
88027 12
88183 5
88195 7
88190 12
88346 5
88358 7
88353 12
88509 5
88521 7
88516 12
88672 5
88684 7
88679 12
88835 5
88847 7
88842 12
88998 5
89010 7
89005 12
89161 5
89173 7
89168 12
89324 5
89336 7
89331 12
89487 5
89499 7
89494 12
89650 5
89662 7
89657 12
89813 5
89825 7
89820 12
89976 5
89988 7
89983 12
90139 5
90151 7
90146 12
90302 5
90314 7
90309 12
90465 5
90477 7
90472 12
90628 5
90640 7
90635 12
90791 5
90803 7
90798 12
90954 5
90966 7
90961 12
91117 5
91129 7
91124 12
91280 5
91292 7
91287 12
91443 5
91455 7
91450 12
91606 5
91618 7
91613 12
91769 5
91781 7
91776 12
91932 5
91944 7
91939 12
92095 5
92107 7
92102 12
92258 5
92270 7
92265 12
92421 5
92433 7
92428 12
92584 5
92596 7
92591 12
92747 5
92759 7
92754 12
92910 5
92922 7
92917 12
93073 5
93085 7
93080 12
93236 5
93248 7
93243 12
93399 5
93411 7
93406 12
93562 5
93574 7
93569 12
93725 5
93737 7
93732 12
93888 5
93900 7
93895 12
94051 5
94063 7
94058 12
94214 5
94226 7
94221 12
94377 5
94389 7
94384 12
94540 5
94552 7
94547 12
94703 5
94715 7
94710 12
94866 5
94878 7
94873 12
95029 5
95041 7
95036 12
95192 5
95204 7
95199 12
95355 5
95367 7
95362 12
95518 5
95530 7
95525 12
95681 5
95693 7
95688 12
95844 5
95856 7
95851 12
96007 5
96019 7
96014 12
96170 5
96182 7
96177 12
96333 5
96345 7
96340 12
96496 5
96508 7
96503 12
96659 5
96671 7
96666 12
96822 5
96834 7
96829 12
96985 5
96997 7
96992 12
97148 5
97160 7
97155 12
97311 5
97323 7
97318 12
97474 5
97486 7
97481 12
97637 5
97649 7
97644 12
97800 5
97812 7
97807 12
97963 5
97975 7
97970 12
98126 5
98138 7
98133 12
98289 5
98301 7
98296 12
98452 5
98464 7
98459 12
98615 5
98627 7
98622 12
98778 5
98790 7
98785 12
98941 5
98953 7
98948 12
99104 5
99116 7
99111 12
99267 5
99279 7
99274 12
99430 5
99442 7
99437 12
99593 5
99605 7
99600 12
99756 5
99768 7
99763 12
99919 5
99931 7
99926 12
100082 5
100094 7
100089 12
100245 5
100257 7
100252 12
100408 5
100420 7
100415 12
100571 5
100583 7
100578 12
100734 5
100746 7
100741 12
100897 5
100909 7
100904 12
101060 5
101072 7
101067 12
101223 5
101235 7
101230 12
101386 5
101398 7
101393 12
101549 5
101561 7
101556 12
101712 5
101724 7
101719 12
101875 5
101887 7
101882 12
102038 5
102050 7
102045 12
102201 5
102213 7
102208 12
102364 5
102376 7
102371 12
102527 5
102539 7
102534 12
102690 5
102702 7
102697 12
102853 5
102865 7
102860 12
103016 5
103028 7
103023 12
103179 5
103191 7
103186 12
103342 5
103354 7
103349 12
103505 5
103517 7
103512 12
103668 5
103680 7
103675 12
103831 5
103843 7
103838 12
103994 5
104006 7
104001 12
104157 5
104169 7
104164 12
104320 5
104332 7
104327 12
104483 5
104495 7
104490 12
104646 5
104658 7
104653 12
104809 5
104821 7
104816 12
104972 5
104984 7
104979 12
105135 5
105147 7
105142 12
105298 5
105310 7
105305 12
105461 5
105473 7
105468 12
105624 5
105636 7
105631 12
105787 5
105799 7
105794 12
105950 5
105962 7
105957 12
106113 5
106125 7
106120 12
106276 5
106288 7
106283 12
106439 5
106451 7
106446 12
106602 5
106614 7
106609 12
106765 5
106777 7
106772 12
106928 5
106940 7
106935 12
107091 5
107103 7
107098 12
107254 5
107266 7
107261 12
107417 5
107429 7
107424 12
107580 5
107592 7
107587 12
107743 5
107755 7
107750 12
107906 5
107918 7
107913 12
108069 5
108081 7
108076 12
108232 5
108244 7
108239 12
108395 5
108407 7
108402 12
108558 5
108570 7
108565 12
108721 5
108733 7
108728 12
108884 5
108896 7
108891 12
109047 5
109059 7
109054 12
109210 5
109222 7
109217 12
109373 5
109385 7
109380 12
109536 5
109548 7
109543 12
109699 5
109711 7
109706 12
109862 5
109874 7
109869 12
110025 5
110037 7
110032 12
110188 5
110200 7
110195 12
110351 5
110363 7
110358 12
110514 5
110526 7
110521 12
110677 5
110689 7
110684 12
110840 5
110852 7
110847 12
111003 5
111015 7
111010 12
111166 5
111178 7
111173 12
111329 5
111341 7
111336 12
111492 5
111504 7
111499 12
111655 5
111667 7
111662 12
111818 5
111830 7
111825 12
111981 5
111993 7
111988 12
112144 5
112156 7
112151 12
112307 5
112319 7
112314 12
112470 5
112482 7
112477 12
112633 5
112645 7
112640 12
112796 5
112808 7
112803 12
112959 5
112971 7
112966 12
113122 5
113134 7
113129 12
113285 5
113297 7
113292 12
113448 5
113460 7
113455 12
113611 5
113623 7
113618 12
113774 5
113786 7
113781 12
113937 5
113949 7
113944 12
114100 5
114112 7
114107 12
114263 5
114275 7
114270 12
114426 5
114438 7
114433 12
114589 5
114601 7
114596 12
114752 5
114764 7
114759 12
114915 5
114927 7
114922 12
115078 5
115090 7
115085 12
115241 5
115253 7
115248 12
115404 5
115416 7
115411 12
115567 5
115579 7
115574 12
115730 5
115742 7
115737 12
115893 5
115905 7
115900 12
116056 5
116068 7
116063 12
116219 5
116231 7
116226 12
116382 5
116394 7
116389 12
116545 5
116557 7
116552 12
116708 5
116720 7
116715 12
116871 5
116883 7
116878 12
117034 5
117046 7
117041 12
117197 5
117209 7
117204 12
117360 5
117372 7
117367 12
117523 5
117535 7
117530 12
117686 5
117698 7
117693 12
117849 5
117861 7
117856 12
118012 5
118024 7
118019 12
118175 5
118187 7
118182 12
118338 5
118350 7
118345 12
118501 5
118513 7
118508 12
118664 5
118676 7
118671 12
118827 5
118839 7
118834 12
118990 5
119002 7
118997 12
119153 5
119165 7
119160 12
119316 5
119328 7
119323 12
119479 5
119491 7
119486 12
119642 5
119654 7
119649 12
119805 5
119817 7
119812 12
119968 5
119980 7
119975 12
120131 5
120143 7
120138 12
120294 5
120306 7
120301 12
120457 5
120469 7
120464 12
120620 5
120632 7
120627 12
120783 5
120795 7
120790 12
120946 5
120958 7
120953 12
121109 5
121121 7
121116 12
121272 5
121284 7
121279 12
121435 5
121447 7
121442 12
121598 5
121610 7
121605 12
121761 5
121773 7
121768 12
121924 5
121936 7
121931 12
122087 5
122099 7
122094 12
122250 5
122262 7
122257 12
122413 5
122425 7
122420 12
122576 5
122588 7
122583 12
122739 5
122751 7
122746 12
122902 5
122914 7
122909 12
123065 5
123077 7
123072 12
123228 5
123240 7
123235 12
123391 5
123403 7
123398 12
123554 5
123566 7
123561 12
123717 5
123729 7
123724 12
123880 5
123892 7
123887 12
124043 5
124055 7
124050 12
124206 5
124218 7
124213 12
124369 5
124381 7
124376 12
124532 5
124544 7
124539 12
124695 5
124707 7
124702 12
124858 5
124870 7
124865 12
125021 5
125033 7
125028 12
125184 5
125196 7
125191 12
125347 5
125359 7
125354 12
125510 5
125522 7
125517 12
125673 5
125685 7
125680 12
125836 5
125848 7
125843 12
125999 5
126011 7
126006 12
126162 5
126174 7
126169 12
126325 5
126337 7
126332 12
126488 5
126500 7
126495 12
126651 5
126663 7
126658 12
126814 5
126826 7
126821 12
126977 5
126989 7
126984 12
127140 5
127152 7
127147 12
127303 5
127315 7
127310 12
127466 5
127478 7
127473 12
127629 5
127641 7
127636 12
127792 5
127804 7
127799 12
127955 5
127967 7
127962 12
128118 5
128130 7
128125 12
128281 5
128293 7
128288 12
128444 5
128456 7
128451 12
128607 5
128619 7
128614 12
128770 5
128782 7
128777 12
128933 5
128945 7
128940 12
129096 5
129108 7
129103 12
129259 5
129271 7
129266 12
129422 5
129434 7
129429 12
129585 5
129597 7
129592 12
129748 5
129760 7
129755 12
129911 5
129923 7
129918 12
130074 5
130086 7
130081 12
130237 5
130249 7
130244 12
130400 5
130412 7
130407 12
130563 5
130575 7
130570 12
130726 5
130738 7
130733 12
130889 5
130901 7
130896 12
131052 5
131064 7
131059 12
131215 5
131227 7
131222 12
131378 5
131390 7
131385 12
131541 5
131553 7
131548 12
131704 5
131716 7
131711 12
131867 5
131879 7
131874 12
132030 5
132042 7
132037 12
132193 5
132205 7
132200 12
132356 5
132368 7
132363 12
132519 5
132531 7
132526 12
132682 5
132694 7
132689 12
132845 5
132857 7
132852 12
133008 5
133020 7
133015 12
133171 5
133183 7
133178 12
133334 5
133346 7
133341 12
133497 5
133509 7
133504 12
133660 5
133672 7
133667 12
133823 5
133835 7
133830 12
133986 5
133998 7
133993 12
134149 5
134161 7
134156 12
134312 5
134324 7
134319 12
134475 5
134487 7
134482 12
134638 5
134650 7
134645 12
134801 5
134813 7
134808 12
134964 5
134976 7
134971 12
135127 5
135139 7
135134 12
135290 5
135302 7
135297 12
135453 5
135465 7
135460 12
135616 5
135628 7
135623 12
135779 5
135791 7
135786 12
135942 5
135954 7
135949 12
136105 5
136117 7
136112 12
136268 5
136280 7
136275 12
136431 5
136443 7
136438 12
136594 5
136606 7
136601 12
136757 5
136769 7
136764 12
136920 5
136932 7
136927 12
137083 5
137095 7
137090 12
137246 5
137258 7
137253 12
137409 5
137421 7
137416 12
137572 5
137584 7
137579 12
137735 5
137747 7
137742 12
137898 5
137910 7
137905 12
138061 5
138073 7
138068 12
138224 5
138236 7
138231 12
138387 5
138399 7
138394 12
138550 5
138562 7
138557 12
138713 5
138725 7
138720 12
138876 5
138888 7
138883 12
139039 5
139051 7
139046 12
139202 5
139214 7
139209 12
139365 5
139377 7
139372 12
139528 5
139540 7
139535 12
139691 5
139703 7
139698 12
139854 5
139866 7
139861 12
140017 5
140029 7
140024 12
140180 5
140192 7
140187 12
140343 5
140355 7
140350 12
140506 5
140518 7
140513 12
140669 5
140681 7
140676 12
140832 5
140844 7
140839 12
140995 5
141007 7
141002 12
141158 5
141170 7
141165 12
141321 5
141333 7
141328 12
141484 5
141496 7
141491 12
141647 5
141659 7
141654 12
141810 5
141822 7
141817 12
141973 5
141985 7
141980 12
142136 5
142148 7
142143 12
142299 5
142311 7
142306 12
142462 5
142474 7
142469 12
142625 5
142637 7
142632 12
142788 5
142800 7
142795 12
142951 5
142963 7
142958 12
143114 5
143126 7
143121 12
143277 5
143289 7
143284 12
143440 5
143452 7
143447 12
143603 5
143615 7
143610 12
143766 5
143778 7
143773 12
143929 5
143941 7
143936 12
144092 5
144104 7
144099 12
144255 5
144267 7
144262 12
144418 5
144430 7
144425 12
144581 5
144593 7
144588 12
144744 5
144756 7
144751 12
144907 5
144919 7
144914 12
145070 5
145082 7
145077 12
145233 5
145245 7
145240 12
145396 5
145408 7
145403 12
145559 5
145571 7
145566 12
145722 5
145734 7
145729 12
145885 5
145897 7
145892 12
146048 5
146060 7
146055 12
146211 5
146223 7
146218 12
146374 5
146386 7
146381 12
146537 5
146549 7
146544 12
146700 5
146712 7
146707 12
146863 5
146875 7
146870 12
147026 5
147038 7
147033 12
147189 5
147201 7
147196 12
147352 5
147364 7
147359 12
147515 5
147527 7
147522 12
147678 5
147690 7
147685 12
147841 5
147853 7
147848 12
148004 5
148016 7
148011 12
148167 5
148179 7
148174 12
148330 5
148342 7
148337 12
148493 5
148505 7
148500 12
148656 5
148668 7
148663 12
148819 5
148831 7
148826 12
148982 5
148994 7
148989 12
149145 5
149157 7
149152 12
149308 5
149320 7
149315 12
149471 5
149483 7
149478 12
149634 5
149646 7
149641 12
149797 5
149809 7
149804 12
149960 5
149972 7
149967 12
150123 5
150135 7
150130 12
150286 5
150298 7
150293 12
150449 5
150461 7
150456 12
150612 5
150624 7
150619 12
150775 5
150787 7
150782 12
150938 5
150950 7
150945 12
151101 5
151113 7
151108 12
151264 5
151276 7
151271 12
151427 5
151439 7
151434 12
151590 5
151602 7
151597 12
151753 5
151765 7
151760 12
151916 5
151928 7
151923 12
152079 5
152091 7
152086 12
152242 5
152254 7
152249 12
152405 5
152417 7
152412 12
152568 5
152580 7
152575 12
152731 5
152743 7
152738 12
152894 5
152906 7
152901 12
153057 5
153069 7
153064 12
153220 5
153232 7
153227 12
153383 5
153395 7
153390 12
153546 5
153558 7
153553 12
153709 5
153721 7
153716 12
153872 5
153884 7
153879 12
154035 5
154047 7
154042 12
154198 5
154210 7
154205 12
154361 5
154373 7
154368 12
154524 5
154536 7
154531 12
154687 5
154699 7
154694 12
154850 5
154862 7
154857 12
155013 5
155025 7
155020 12
155176 5
155188 7
155183 12
155339 5
155351 7
155346 12
155502 5
155514 7
155509 12
155665 5
155677 7
155672 12
155828 5
155840 7
155835 12
155991 5
156003 7
155998 12
156154 5
156166 7
156161 12
156317 5
156329 7
156324 12
156480 5
156492 7
156487 12
156643 5
156655 7
156650 12
156806 5
156818 7
156813 12
156969 5
156981 7
156976 12
157132 5
157144 7
157139 12
157295 5
157307 7
157302 12
157458 5
157470 7
157465 12
157621 5
157633 7
157628 12
157784 5
157796 7
157791 12
157947 5
157959 7
157954 12
158110 5
158122 7
158117 12
158273 5
158285 7
158280 12
158436 5
158448 7
158443 12
158599 5
158611 7
158606 12
158762 5
158774 7
158769 12
158925 5
158937 7
158932 12
159088 5
159100 7
159095 12
159251 5
159263 7
159258 12
159414 5
159426 7
159421 12
159577 5
159589 7
159584 12
159740 5
159752 7
159747 12
159903 5
159915 7
159910 12
160066 5
160078 7
160073 12
160229 5
160241 7
160236 12
160392 5
160404 7
160399 12
160555 5
160567 7
160562 12
160718 5
160730 7
160725 12
160881 5
160893 7
160888 12
161044 5
161056 7
161051 12
161207 5
161219 7
161214 12
161370 5
161382 7
161377 12
161533 5
161545 7
161540 12
161696 5
161708 7
161703 12
161859 5
161871 7
161866 12
162022 5
162034 7
162029 12
162185 5
162197 7
162192 12
162348 5
162360 7
162355 12
162511 5
162523 7
162518 12
162674 5
162686 7
162681 12
162837 5
162849 7
162844 12
163000 5
163012 7
163007 12
163163 5
163175 7
163170 12
163326 5
163338 7
163333 12
163489 5
163501 7
163496 12
163652 5
163664 7
163659 12
163815 5
163827 7
163822 12
163978 5
163990 7
163985 12
164141 5
164153 7
164148 12
164304 5
164316 7
164311 12
164467 5
164479 7
164474 12
164630 5
164642 7
164637 12
164793 5
164805 7
164800 12
164956 5
164968 7
164963 12
165119 5
165131 7
165126 12
165282 5
165294 7
165289 12
165445 5
165457 7
165452 12
165608 5
165620 7
165615 12
165771 5
165783 7
165778 12
165934 5
165946 7
165941 12
166097 5
166109 7
166104 12
166260 5
166272 7
166267 12
166423 5
166435 7
166430 12
166586 5
166598 7
166593 12
166749 5
166761 7
166756 12
166912 5
166924 7
166919 12
167075 5
167087 7
167082 12
167238 5
167250 7
167245 12
167401 5
167413 7
167408 12
167564 5
167576 7
167571 12
167727 5
167739 7
167734 12
167890 5
167902 7
167897 12
168053 5
168065 7
168060 12
168216 5
168228 7
168223 12
168379 5
168391 7
168386 12
168542 5
168554 7
168549 12
168705 5
168717 7
168712 12
168868 5
168880 7
168875 12
169031 5
169043 7
169038 12
169194 5
169206 7
169201 12
169357 5
169369 7
169364 12
169520 5
169532 7
169527 12
169683 5
169695 7
169690 12
169846 5
169858 7
169853 12
170009 5
170021 7
170016 12
170172 5
170184 7
170179 12
170335 5
170347 7
170342 12
170498 5
170510 7
170505 12
170661 5
170673 7
170668 12
170824 5
170836 7
170831 12
170987 5
170999 7
170994 12
171150 5
171162 7
171157 12
171313 5
171325 7
171320 12
171476 5
171488 7
171483 12
171639 5
171651 7
171646 12
171802 5
171814 7
171809 12
171965 5
171977 7
171972 12
172128 5
172140 7
172135 12
172291 5
172303 7
172298 12
172454 5
172466 7
172461 12
172617 5
172629 7
172624 12
172780 5
172792 7
172787 12
172943 5
172955 7
172950 12
173106 5
173118 7
173113 12
173269 5
173281 7
173276 12
173432 5
173444 7
173439 12
173595 5
173607 7
173602 12
173758 5
173770 7
173765 12
173921 5
173933 7
173928 12
174084 5
174096 7
174091 12
174247 5
174259 7
174254 12
174410 5
174422 7
174417 12
174573 5
174585 7
174580 12
174736 5
174748 7
174743 12
174899 5
174911 7
174906 12
175062 5
175074 7
175069 12
175225 5
175237 7
175232 12
175388 5
175400 7
175395 12
175551 5
175563 7
175558 12
175714 5
175726 7
175721 12
175877 5
175889 7
175884 12
176040 5
176052 7
176047 12
176203 5
176215 7
176210 12
176366 5
176378 7
176373 12
176529 5
176541 7
176536 12
176692 5
176704 7
176699 12
176855 5
176867 7
176862 12
177018 5
177030 7
177025 12
177181 5
177193 7
177188 12
177344 5
177356 7
177351 12
177507 5
177519 7
177514 12
177670 5
177682 7
177677 12
177833 5
177845 7
177840 12
177996 5
178008 7
178003 12
178159 5
178171 7
178166 12
178322 5
178334 7
178329 12
178485 5
178497 7
178492 12
178648 5
178660 7
178655 12
178811 5
178823 7
178818 12
178974 5
178986 7
178981 12
179137 5
179149 7
179144 12
179300 5
179312 7
179307 12
179463 5
179475 7
179470 12
179626 5
179638 7
179633 12
179789 5
179801 7
179796 12
179952 5
179964 7
179959 12
180115 5
180127 7
180122 12
180278 5
180290 7
180285 12
180441 5
180453 7
180448 12
180604 5
180616 7
180611 12
180767 5
180779 7
180774 12
180930 5
180942 7
180937 12
181093 5
181105 7
181100 12
181256 5
181268 7
181263 12
181419 5
181431 7
181426 12
181582 5
181594 7
181589 12
181745 5
181757 7
181752 12
181908 5
181920 7
181915 12
182071 5
182083 7
182078 12
182234 5
182246 7
182241 12
182397 5
182409 7
182404 12
182560 5
182572 7
182567 12
182723 5
182735 7
182730 12
182886 5
182898 7
182893 12
183049 5
183061 7
183056 12
183212 5
183224 7
183219 12
183375 5
183387 7
183382 12
183538 5
183550 7
183545 12
183701 5
183713 7
183708 12
183864 5
183876 7
183871 12
184027 5
184039 7
184034 12
184190 5
184202 7
184197 12
184353 5
184365 7
184360 12
184516 5
184528 7
184523 12
184679 5
184691 7
184686 12
184842 5
184854 7
184849 12
185005 5
185017 7
185012 12
185168 5
185180 7
185175 12
185331 5
185343 7
185338 12
185494 5
185506 7
185501 12
185657 5
185669 7
185664 12
185820 5
185832 7
185827 12
185983 5
185995 7
185990 12
186146 5
186158 7
186153 12
186309 5
186321 7
186316 12
186472 5
186484 7
186479 12
186635 5
186647 7
186642 12
186798 5
186810 7
186805 12
186961 5
186973 7
186968 12
187124 5
187136 7
187131 12
187287 5
187299 7
187294 12
187450 5
187462 7
187457 12
187613 5
187625 7
187620 12
187776 5
187788 7
187783 12
187939 5
187951 7
187946 12
188102 5
188114 7
188109 12
188265 5
188277 7
188272 12
188428 5
188440 7
188435 12
188591 5
188603 7
188598 12
188754 5
188766 7
188761 12
188917 5
188929 7
188924 12
189080 5
189092 7
189087 12
189243 5
189255 7
189250 12
189406 5
189418 7
189413 12
189569 5
189581 7
189576 12
189732 5
189744 7
189739 12
189895 5
189907 7
189902 12
190058 5
190070 7
190065 12
190221 5
190233 7
190228 12
190384 5
190396 7
190391 12
190547 5
190559 7
190554 12
190710 5
190722 7
190717 12
190873 5
190885 7
190880 12
191036 5
191048 7
191043 12
191199 5
191211 7
191206 12
191362 5
191374 7
191369 12
191525 5
191537 7
191532 12
191688 5
191700 7
191695 12
191851 5
191863 7
191858 12
192014 5
192026 7
192021 12
192177 5
192189 7
192184 12
192340 5
192352 7
192347 12
192503 5
192515 7
192510 12
192666 5
192678 7
192673 12
192829 5
192841 7
192836 12
192992 5
193004 7
192999 12
193155 5
193167 7
193162 12
193318 5
193330 7
193325 12
193481 5
193493 7
193488 12
193644 5
193656 7
193651 12
193807 5
193819 7
193814 12
193970 5
193982 7
193977 12
194133 5
194145 7
194140 12
194296 5
194308 7
194303 12
194459 5
194471 7
194466 12
194622 5
194634 7
194629 12
194785 5
194797 7
194792 12
194948 5
194960 7
194955 12
195111 5
195123 7
195118 12
195274 5
195286 7
195281 12
195437 5
195449 7
195444 12
195600 5
195612 7
195607 12
195763 5
195775 7
195770 12
195926 5
195938 7
195933 12
196089 5
196101 7
196096 12
196252 5
196264 7
196259 12
196415 5
196427 7
196422 12
196578 5
196590 7
196585 12
196741 5
196753 7
196748 12
196904 5
196916 7
196911 12
197067 5
197079 7
197074 12
197230 5
197242 7
197237 12
197393 5
197405 7
197400 12
197556 5
197568 7
197563 12
197719 5
197731 7
197726 12
197882 5
197894 7
197889 12
198045 5
198057 7
198052 12
198208 5
198220 7
198215 12
198371 5
198383 7
198378 12
198534 5
198546 7
198541 12
198697 5
198709 7
198704 12
198860 5
198872 7
198867 12
199023 5
199035 7
199030 12
199186 5
199198 7
199193 12
199349 5
199361 7
199356 12
199512 5
199524 7
199519 12
199675 5
199687 7
199682 12
199838 5
199850 7
199845 12
200001 5
200013 7
200008 12
200164 5
200176 7
200171 12
200327 5
200339 7
200334 12
200490 5
200502 7
200497 12
200653 5
200665 7
200660 12
200816 5
200828 7
200823 12
200979 5
200991 7
200986 12
201142 5
201154 7
201149 12
201305 5
201317 7
201312 12
201468 5
201480 7
201475 12
201631 5
201643 7
201638 12
201794 5
201806 7
201801 12
201957 5
201969 7
201964 12
202120 5
202132 7
202127 12
202283 5
202295 7
202290 12
202446 5
202458 7
202453 12
202609 5
202621 7
202616 12
202772 5
202784 7
202779 12
202935 5
202947 7
202942 12
203098 5
203110 7
203105 12
203261 5
203273 7
203268 12
203424 5
203436 7
203431 12
203587 5
203599 7
203594 12
203750 5
203762 7
203757 12
203913 5
203925 7
203920 12
204076 5
204088 7
204083 12
204239 5
204251 7
204246 12
204402 5
204414 7
204409 12
204565 5
204577 7
204572 12
204728 5
204740 7
204735 12
204891 5
204903 7
204898 12
205054 5
205066 7
205061 12
205217 5
205229 7
205224 12
205380 5
205392 7
205387 12
205543 5
205555 7
205550 12
205706 5
205718 7
205713 12
205869 5
205881 7
205876 12
206032 5
206044 7
206039 12
206195 5
206207 7
206202 12
206358 5
206370 7
206365 12
206521 5
206533 7
206528 12
206684 5
206696 7
206691 12
206847 5
206859 7
206854 12
207010 5
207022 7
207017 12
207173 5
207185 7
207180 12
207336 5
207348 7
207343 12
207499 5
207511 7
207506 12
207662 5
207674 7
207669 12
207825 5
207837 7
207832 12
207988 5
208000 7
207995 12
208151 5
208163 7
208158 12
208314 5
208326 7
208321 12
208477 5
208489 7
208484 12
208640 5
208652 7
208647 12
208803 5
208815 7
208810 12
208966 5
208978 7
208973 12
209129 5
209141 7
209136 12
209292 5
209304 7
209299 12
209455 5
209467 7
209462 12
209618 5
209630 7
209625 12
209781 5
209793 7
209788 12
209944 5
209956 7
209951 12
210107 5
210119 7
210114 12
210270 5
210282 7
210277 12
210433 5
210445 7
210440 12
210596 5
210608 7
210603 12
210759 5
210771 7
210766 12
210922 5
210934 7
210929 12
211085 5
211097 7
211092 12
211248 5
211260 7
211255 12
211411 5
211423 7
211418 12
211574 5
211586 7
211581 12
211737 5
211749 7
211744 12
211900 5
211912 7
211907 12
212063 5
212075 7
212070 12
212226 5
212238 7
212233 12
212389 5
212401 7
212396 12
212552 5
212564 7
212559 12
212715 5
212727 7
212722 12
212878 5
212890 7
212885 12
213041 5
213053 7
213048 12
213204 5
213216 7
213211 12
213367 5
213379 7
213374 12
213530 5
213542 7
213537 12
213693 5
213705 7
213700 12
213856 5
213868 7
213863 12
214019 5
214031 7
214026 12
214182 5
214194 7
214189 12
214345 5
214357 7
214352 12
214508 5
214520 7
214515 12
214671 5
214683 7
214678 12
214834 5
214846 7
214841 12
214997 5
215009 7
215004 12
215160 5
215172 7
215167 12
215323 5
215335 7
215330 12
215486 5
215498 7
215493 12
215649 5
215661 7
215656 12
215812 5
215824 7
215819 12
215975 5
215987 7
215982 12
216138 5
216150 7
216145 12
216301 5
216313 7
216308 12
216464 5
216476 7
216471 12
216627 5
216639 7
216634 12
216790 5
216802 7
216797 12
216953 5
216965 7
216960 12
217116 5
217128 7
217123 12
217279 5
217291 7
217286 12
217442 5
217454 7
217449 12
217605 5
217617 7
217612 12
217768 5
217780 7
217775 12
217931 5
217943 7
217938 12
218094 5
218106 7
218101 12
218257 5
218269 7
218264 12
218420 5
218432 7
218427 12
218583 5
218595 7
218590 12
218746 5
218758 7
218753 12
218909 5
218921 7
218916 12
219072 5
219084 7
219079 12
219235 5
219247 7
219242 12
219398 5
219410 7
219405 12
219561 5
219573 7
219568 12
219724 5
219736 7
219731 12
219887 5
219899 7
219894 12
220050 5
220062 7
220057 12
220213 5
220225 7
220220 12
220376 5
220388 7
220383 12
220539 5
220551 7
220546 12
220702 5
220714 7
220709 12
220865 5
220877 7
220872 12
221028 5
221040 7
221035 12
221191 5
221203 7
221198 12
221354 5
221366 7
221361 12
221517 5
221529 7
221524 12
221680 5
221692 7
221687 12
221843 5
221855 7
221850 12
222006 5
222018 7
222013 12
222169 5
222181 7
222176 12
222332 5
222344 7
222339 12
222495 5
222507 7
222502 12
222658 5
222670 7
222665 12
222821 5
222833 7
222828 12
222984 5
222996 7
222991 12
223147 5
223159 7
223154 12
223310 5
223322 7
223317 12
223473 5
223485 7
223480 12
223636 5
223648 7
223643 12
223799 5
223811 7
223806 12
223962 5
223974 7
223969 12
224125 5
224137 7
224132 12
224288 5
224300 7
224295 12
224451 5
224463 7
224458 12
224614 5
224626 7
224621 12
224777 5
224789 7
224784 12
224940 5
224952 7
224947 12
225103 5
225115 7
225110 12
225266 5
225278 7
225273 12
225429 5
225441 7
225436 12
225592 5
225604 7
225599 12
225755 5
225767 7
225762 12
225918 5
225930 7
225925 12
226081 5
226093 7
226088 12
226244 5
226256 7
226251 12
226407 5
226419 7
226414 12
226570 5
226582 7
226577 12
226733 5
226745 7
226740 12
226896 5
226908 7
226903 12
227059 5
227071 7
227066 12
227222 5
227234 7
227229 12
227385 5
227397 7
227392 12
227548 5
227560 7
227555 12
227711 5
227723 7
227718 12
227874 5
227886 7
227881 12
228037 5
228049 7
228044 12
228200 5
228212 7
228207 12
228363 5
228375 7
228370 12
228526 5
228538 7
228533 12
228689 5
228701 7
228696 12
228852 5
228864 7
228859 12
229015 5
229027 7
229022 12
229178 5
229190 7
229185 12
229341 5
229353 7
229348 12
229504 5
229516 7
229511 12
229667 5
229679 7
229674 12
229830 5
229842 7
229837 12
229993 5
230005 7
230000 12
230156 5
230168 7
230163 12
230319 5
230331 7
230326 12
230482 5
230494 7
230489 12
230645 5
230657 7
230652 12
230808 5
230820 7
230815 12
230971 5
230983 7
230978 12
231134 5
231146 7
231141 12
231297 5
231309 7
231304 12
231460 5
231472 7
231467 12
231623 5
231635 7
231630 12
231786 5
231798 7
231793 12
231949 5
231961 7
231956 12
232112 5
232124 7
232119 12
232275 5
232287 7
232282 12
232438 5
232450 7
232445 12
232601 5
232613 7
232608 12
232764 5
232776 7
232771 12
232927 5
232939 7
232934 12
233090 5
233102 7
233097 12
233253 5
233265 7
233260 12
233416 5
233428 7
233423 12
233579 5
233591 7
233586 12
233742 5
233754 7
233749 12
233905 5
233917 7
233912 12
234068 5
234080 7
234075 12
234231 5
234243 7
234238 12
234394 5
234406 7
234401 12
234557 5
234569 7
234564 12
234720 5
234732 7
234727 12
234883 5
234895 7
234890 12
235046 5
235058 7
235053 12
235209 5
235221 7
235216 12
235372 5
235384 7
235379 12
235535 5
235547 7
235542 12
235698 5
235710 7
235705 12
235861 5
235873 7
235868 12
236024 5
236036 7
236031 12
236187 5
236199 7
236194 12
236350 5
236362 7
236357 12
236513 5
236525 7
236520 12
236676 5
236688 7
236683 12
236839 5
236851 7
236846 12
237002 5
237014 7
237009 12
237165 5
237177 7
237172 12
237328 5
237340 7
237335 12
237491 5
237503 7
237498 12
237654 5
237666 7
237661 12
237817 5
237829 7
237824 12
237980 5
237992 7
237987 12
238143 5
238155 7
238150 12
238306 5
238318 7
238313 12
238469 5
238481 7
238476 12
238632 5
238644 7
238639 12
238795 5
238807 7
238802 12
238958 5
238970 7
238965 12
239121 5
239133 7
239128 12
239284 5
239296 7
239291 12
239447 5
239459 7
239454 12
239610 5
239622 7
239617 12
239773 5
239785 7
239780 12
239936 5
239948 7
239943 12
240099 5
240111 7
240106 12
240262 5
240274 7
240269 12
240425 5
240437 7
240432 12
240588 5
240600 7
240595 12
240751 5
240763 7
240758 12
240914 5
240926 7
240921 12
241077 5
241089 7
241084 12
241240 5
241252 7
241247 12
241403 5
241415 7
241410 12
241566 5
241578 7
241573 12
241729 5
241741 7
241736 12
241892 5
241904 7
241899 12
242055 5
242067 7
242062 12
242218 5
242230 7
242225 12
242381 5
242393 7
242388 12
242544 5
242556 7
242551 12
242707 5
242719 7
242714 12
242870 5
242882 7
242877 12
243033 5
243045 7
243040 12
243196 5
243208 7
243203 12
243359 5
243371 7
243366 12
243522 5
243534 7
243529 12
243685 5
243697 7
243692 12
243848 5
243860 7
243855 12
244011 5
244023 7
244018 12
244174 5
244186 7
244181 12
244337 5
244349 7
244344 12
244500 5
244512 7
244507 12
244663 5
244675 7
244670 12
244826 5
244838 7
244833 12
244989 5
245001 7
244996 12
245152 5
245164 7
245159 12
245315 5
245327 7
245322 12
245478 5
245490 7
245485 12
245641 5
245653 7
245648 12
245804 5
245816 7
245811 12
245967 5
245979 7
245974 12
246130 5
246142 7
246137 12
246293 5
246305 7
246300 12
246456 5
246468 7
246463 12
246619 5
246631 7
246626 12
246782 5
246794 7
246789 12
246945 5
246957 7
246952 12
247108 5
247120 7
247115 12
247271 5
247283 7
247278 12
247434 5
247446 7
247441 12
247597 5
247609 7
247604 12
247760 5
247772 7
247767 12
247923 5
247935 7
247930 12
248086 5
248098 7
248093 12
248249 5
248261 7
248256 12
248412 5
248424 7
248419 12
248575 5
248587 7
248582 12
248738 5
248750 7
248745 12
248901 5
248913 7
248908 12
249064 5
249076 7
249071 12
249227 5
249239 7
249234 12
249390 5
249402 7
249397 12
249553 5
249565 7
249560 12
249716 5
249728 7
249723 12
249879 5
249891 7
249886 12
250042 5
250054 7
250049 12
250205 5
250217 7
250212 12
250368 5
250380 7
250375 12
250531 5
250543 7
250538 12
250694 5
250706 7
250701 12
250857 5
250869 7
250864 12
251020 5
251032 7
251027 12
251183 5
251195 7
251190 12
251346 5
251358 7
251353 12
251509 5
251521 7
251516 12
251672 5
251684 7
251679 12
251835 5
251847 7
251842 12
251998 5
252010 7
252005 12
252161 5
252173 7
252168 12
252324 5
252336 7
252331 12
252487 5
252499 7
252494 12
252650 5
252662 7
252657 12
252813 5
252825 7
252820 12
252976 5
252988 7
252983 12
253139 5
253151 7
253146 12
253302 5
253314 7
253309 12
253465 5
253477 7
253472 12
253628 5
253640 7
253635 12
253791 5
253803 7
253798 12
253954 5
253966 7
253961 12
254117 5
254129 7
254124 12
254280 5
254292 7
254287 12
254443 5
254455 7
254450 12
254606 5
254618 7
254613 12
254769 5
254781 7
254776 12
254932 5
254944 7
254939 12
255095 5
255107 7
255102 12
255258 5
255270 7
255265 12
255421 5
255433 7
255428 12
255584 5
255596 7
255591 12
255747 5
255759 7
255754 12
255910 5
255922 7
255917 12
256073 5
256085 7
256080 12
256236 5
256248 7
256243 12
256399 5
256411 7
256406 12
256562 5
256574 7
256569 12
256725 5
256737 7
256732 12
256888 5
256900 7
256895 12
257051 5
257063 7
257058 12
257214 5
257226 7
257221 12
257377 5
257389 7
257384 12
257540 5
257552 7
257547 12
257703 5
257715 7
257710 12
257866 5
257878 7
257873 12
258029 5
258041 7
258036 12
258192 5
258204 7
258199 12
258355 5
258367 7
258362 12
258518 5
258530 7
258525 12
258681 5
258693 7
258688 12
258844 5
258856 7
258851 12
259007 5
259019 7
259014 12
259170 5
259182 7
259177 12
259333 5
259345 7
259340 12
259496 5
259508 7
259503 12
259659 5
259671 7
259666 12
259822 5
259834 7
259829 12
259985 5
259997 7
259992 12
260148 5
260160 7
260155 12
260311 5
260323 7
260318 12
260474 5
260486 7
260481 12
260637 5
260649 7
260644 12
260800 5
260812 7
260807 12
260963 5
260975 7
260970 12
261126 5
261138 7
261133 12
261289 5
261301 7
261296 12
261452 5
261464 7
261459 12
261615 5
261627 7
261622 12
261778 5
261790 7
261785 12
261941 5
261953 7
261948 12
262104 5
262116 7
262111 12
262267 5
262279 7
262274 12
262430 5
262442 7
262437 12
262593 5
262605 7
262600 12
262756 5
262768 7
262763 12
262919 5
262931 7
262926 12
263082 5
263094 7
263089 12
263245 5
263257 7
263252 12
263408 5
263420 7
263415 12
263571 5
263583 7
263578 12
263734 5
263746 7
263741 12
263897 5
263909 7
263904 12
264060 5
264072 7
264067 12
264223 5
264235 7
264230 12
264386 5
264398 7
264393 12
264549 5
264561 7
264556 12
264712 5
264724 7
264719 12
264875 5
264887 7
264882 12
265038 5
265050 7
265045 12
265201 5
265213 7
265208 12
265364 5
265376 7
265371 12
265527 5
265539 7
265534 12
265690 5
265702 7
265697 12
265853 5
265865 7
265860 12
266016 5
266028 7
266023 12
266179 5
266191 7
266186 12
266342 5
266354 7
266349 12
266505 5
266517 7
266512 12
266668 5
266680 7
266675 12
266831 5
266843 7
266838 12
266994 5
267006 7
267001 12
267157 5
267169 7
267164 12
267320 5
267332 7
267327 12
267483 5
267495 7
267490 12
267646 5
267658 7
267653 12
267809 5
267821 7
267816 12
267972 5
267984 7
267979 12
268135 5
268147 7
268142 12
268298 5
268310 7
268305 12
268461 5
268473 7
268468 12
268624 5
268636 7
268631 12
268787 5
268799 7
268794 12
268950 5
268962 7
268957 12
269113 5
269125 7
269120 12
269276 5
269288 7
269283 12
269439 5
269451 7
269446 12
269602 5
269614 7
269609 12
269765 5
269777 7
269772 12
269928 5
269940 7
269935 12
270091 5
270103 7
270098 12
270254 5
270266 7
270261 12
270417 5
270429 7
270424 12
270580 5
270592 7
270587 12
270743 5
270755 7
270750 12
270906 5
270918 7
270913 12
271069 5
271081 7
271076 12
271232 5
271244 7
271239 12
271395 5
271407 7
271402 12
271558 5
271570 7
271565 12
