1000
19412 20166
70874 70947
41464 42296
26773 27265
9275 10898
78202 78297
50203 50285
96514 96580
87507 87523
64514 64527
83112 83224
60207 60507
9207 10965
84796 85051
49681 50453
48562 49155
59566 60364
81717 81763
14705 15074
6291 7812
74062 74280
17920 18566
69584 70096
79332 79698
43829 44619
86724 86989
21708 23182
43396 43678
71657 71944
79242 79393
57032 57670
79048 79286
21771 22537
80038 80223
86609 86643
61167 61825
52803 53049
78247 78475
15488 16994
97316 97344
7192 7927
87474 87687
9034 10089
54727 55213
68848 69206
32552 33563
98884 98896
37072 38070
32316 33066
4004 5719
31646 31757
18743 18783
96136 96211
60150 60459
4124 5185
98533 98548
66537 66900
31520 32862
34073 35227
69626 70099
18396 19779
2916 3455
56643 56937
97303 97325
76611 76882
88937 89004
66392 66951
64079 64546
41468 42533
12945 14531
72109 72640
33765 34506
24125 24998
16540 17432
99343 99347
7186 8585
46822 47812
48093 48275
86858 86971
84745 84867
99838 99841
34444 35195
28852 30057
67498 67997
36121 36357
35782 36223
8768 9747
43021 44154
71699 71854
78453 78704
37810 38004
98638 98656
50273 50359
48271 49288
28786 30210
27505 28696
91681 91688
49359 49360
68483 68922
4246 4935
54590 55355
52485 53413
33158 33749
70054 70244
84178 84474
93656 93673
72552 72669
67548 67604
23105 23250
60079 60588
63741 64422
90830 90833
48912 49345
10550 10944
80227 80310
79474 79574
97118 97132
72873 73109
32656 33975
64864 65534
82241 82248
3422 4713
72126 72611
50925 51749
17567 19013
91543 91615
95133 95193
75463 75704
254 2070
34404 34822
27621 27942
44091 44858
35117 36163
88199 88401
7012 8777
61015 61226
23052 23191
29018 30126
29564 29883
82788 82877
82922 83243
4172 5672
62999 63172
56429 56709
83673 83959
68798 68949
80006 80286
73258 73521
75092 75401
37457 38044
26016 27002
23108 24210
75974 76065
51541 51926
32672 33109
81957 82243
73259 73626
94113 94188
11027 11380
77621 77738
98776 98780
86464 86698
83643 83693
71274 71833
84435 84530
66516 66819
77494 77860
57126 57461
6877 8540
92069 92129
9431 10632
6119 7926
55507 56113
56167 56602
82754 82793
82973 83281
77719 78137
72112 72627
36369 37486
55791 56497
10412 11478
40473 41388
7437 8994
55997 56520
68258 68838
39199 39881
20392 20750
21879 22057
60881 61340
42370 43455
47104 47603
54777 55504
84723 84842
48792 49539
65962 66016
77347 77382
33695 33973
24764 25247
39500 40480
6954 8224
83672 83931
76867 76897
29794 31170
4504 4647
60123 60805
61469 61582
13030 14156
58818 59430
25475 26175
31767 32225
32879 33951
4914 5720
46460 46542
91244 91327
13556 14440
2136 4072
98461 98491
29630 30936
38879 39445
88404 88463
46703 46852
30764 31185
44748 45680
59496 59747
13215 14291
86807 87043
42750 43534
19738 19992
94518 94623
59233 59679
12879 14244
96459 96467
98475 98484
64135 64432
83981 84159
22106 22603
96055 96095
24209 24458
21847 22474
85556 85827
97611 97646
33679 34382
47287 48120
49321 49793
23875 24284
36111 36974
58704 59095
33034 33749
52407 52715
94403 94441
7813 9038
12606 13386
11766 12787
31359 32462
48079 48277
9359 9628
6673 7388
77187 77290
63465 63570
8069 9124
73798 74045
67007 67194
38081 38686
99413 99419
97954 97972
18230 19753
43642 44391
88384 88576
3752 3794
19613 20640
55848 56466
38134 38327
66150 66226
36020 36361
87434 87495
50496 50889
47228 47629
9944 9979
92984 93123
95645 95717
37205 38339
54365 55001
49577 50293
24661 25499
90890 91036
59597 59733
43082 44131
82456 82746
19365 20334
72621 73062
55760 55862
51590 51949
96286 96290
72602 72944
8238 9024
87689 87816
39567 39779
97328 97354
68058 68157
88613 88744
57638 57956
35387 35679
76014 76354
43740 44325
31604 32086
19049 20626
89358 89527
84648 84854
83318 83339
38502 38555
10000 10503
42955 43718
3292 5217
10125 10173
81654 81848
44873 44951
27045 27431
86954 87018
84743 84762
91706 91803
33452 33869
69391 69833
6726 8212
54990 54997
33744 34979
29403 29500
41685 42819
43912 43996
53020 53595
24842 25086
39282 39416
64338 64946
32928 33642
35180 35693
72950 73007
50122 50511
70940 71283
69342 69357
55871 56033
76674 76859
31135 32336
52790 52997
76174 76209
11849 12105
40177 40505
74456 74592
20719 21281
67367 67970
73050 73354
91220 91377
95106 95123
57864 58161
2261 2427
86985 87216
71244 71786
94835 94871
44403 44719
67523 67667
28876 29810
20641 21177
83317 83627
77232 77333
57276 57723
86751 87004
12658 14321
65083 65315
73017 73432
47105 47550
27719 28938
89726 89733
70618 71115
67496 67988
93334 93398
9812 10452
133 503
50589 50763
86432 86694
63303 63804
12375 13796
51277 51808
69159 69599
68014 68165
9830 11059
40751 41241
71169 71646
77942 78300
24389 25323
14904 15128
59846 59861
3095 3994
34437 35157
12675 13707
67779 67982
35163 36044
95918 95942
80090 80159
92650 92684
73771 73853
63131 63618
89486 89648
77361 77388
52923 53395
83423 83655
16537 17795
1884 2756
10357 11433
87368 87471
49489 49802
40536 40549
25342 26262
72594 73036
3025 3856
61680 62288
25730 26635
7190 7582
87164 87211
96617 96647
23250 24485
50273 50601
86868 87104
2347 3488
59052 59803
40322 41356
48551 48624
27210 28188
74169 74366
61573 62285
80770 80935
2835 4209
7834 9512
82239 82474
94569 94594
34478 35393
58436 58681
44255 44389
82359 82696
23788 24037
95695 95710
9919 10214
59938 60556
94614 94708
21994 23543
62068 62656
50220 51112
74457 74941
76765 77120
50419 50856
15477 15972
89319 89479
10418 12204
31106 32429
51264 52086
96208 96283
52786 52963
98492 98516
72634 72928
4521 6338
52000 52338
94796 94843
64178 64626
1564 3314
54075 54379
39560 40086
15665 17321
83531 83539
95977 95996
95805 95854
72099 72509
26164 26334
18837 20197
94914 94964
59973 60436
22444 22670
82788 82857
21036 22406
63647 63675
78664 79081
63377 63435
68089 68667
54887 55508
64765 64928
75057 75413
2671 4268
48709 49151
3250 3795
61361 61984
79286 79557
99885 99886
82484 82502
19646 19691
52893 53285
89123 89303
43506 43812
5552 6837
83124 83194
52557 53046
99552 99554
74803 74947
56963 57405
26694 27048
17257 17520
47514 47646
63076 63477
31137 32249
7960 8681
33525 34774
71437 71497
15320 16568
1099 2340
68164 68587
8019 8591
43855 43916
38298 38704
67994 67995
50606 51198
2507 3295
89184 89306
16730 18189
35715 35743
50412 50862
8585 9976
17386 18040
35825 36670
7409 8333
28412 28596
17164 17897
66253 66260
58023 58621
6423 8041
64683 64983
67620 67776
38909 39677
52136 52327
82085 82250
90354 90509
29285 30533
61154 61330
35530 36697
72220 72699
83360 83460
63568 64103
16113 16448
68341 68943
79799 80187
49802 49979
82188 82428
49950 50499
62538 62638
10260 11332
95138 95166
58535 59229
1889 3154
23247 24227
41668 41946
41827 42973
96929 96949
23126 24468
13824 13851
31197 32364
23362 23508
3651 4474
18242 19422
16642 17399
25408 25724
17687 19180
8186 10021
96994 97031
26820 27450
74564 74727
57374 57935
69136 69527
81028 81096
74922 75419
41620 41740
27340 28611
86821 86938
60103 60128
38978 39676
68883 69460
67054 67685
67279 67466
49582 50191
61681 61938
59263 59693
42870 43418
90464 90637
35184 35362
91768 91834
79560 79896
69349 69841
34850 35891
73055 73505
3563 4080
89451 89630
71365 71922
71355 71643
33780 34466
87775 87877
86478 86717
2269 3020
94214 94297
88695 88724
88470 88636
24886 26133
19661 20838
62307 62347
60011 60339
27731 28365
13194 13312
9544 9677
82840 82934
26614 27395
13107 13769
92585 92712
91794 91936
78202 78617
24159 24518
8127 8350
29640 30280
18424 18820
27669 27771
10650 11016
70416 70592
15380 16472
7258 8686
80661 80717
60576 60909
52538 52847
95957 95988
17835 18525
2024 2730
29222 29799
85007 85257
22192 23192
36396 37022
98821 98840
85596 85663
672 1294
36990 37764
4598 5064
53231 53314
6505 6724
96514 96584
38839 39417
80708 81001
30094 31007
84954 85042
14740 14781
83957 83964
9665 10429
94793 94844
85600 85777
59923 60303
75116 75271
87832 88072
89804 89837
758 2115
93720 93830
94523 94561
59721 60222
86750 86755
54923 55743
98271 98278
24760 25389
93144 93194
55565 56038
79011 79316
75258 75537
1908 2335
32810 33508
81457 81540
98902 98915
93724 93799
34560 34840
86620 86883
59532 59669
51204 51830
68737 69287
47104 47307
32556 33339
19367 20238
48586 48782
1533 2037
83965 84212
25470 26717
91268 91318
8339 9666
13496 14155
6829 7112
5340 5802
91488 91512
15308 16369
99719 99720
5366 5458
30714 31020
32946 33285
50623 50843
85127 85344
78083 78459
95969 95978
53967 54178
31573 32801
3032 4567
53671 53681
90559 90708
43208 43245
31500 32781
24681 25685
43955 44141
95734 95773
13869 14063
93702 93792
61163 61842
37934 38390
21050 21248
42090 42131
35902 37132
51209 51360
62723 63403
9138 10494
42555 42761
30765 31259
99503 99504
19558 20956
66292 66742
24929 25045
94551 94564
33117 33811
45886 46816
77161 77304
25011 25740
12169 12599
27840 28588
25434 26776
12164 13306
73346 73433
75458 75838
89260 89333
68251 68364
83826 84089
61042 61214
3074 4088
75994 76434
16750 17285
56189 56478
34847 35785
62694 63347
12431 12695
66415 66697
70827 71310
60174 60806
63562 64207
86484 86700
33681 34483
74614 74932
20518 21118
42049 42369
8626 9110
87405 87582
37197 37882
56903 57165
42513 42800
22999 23750
55221 55904
57596 58290
21135 21756
25090 25589
66990 67381
28409 29762
61807 61818
9083 9563
63697 64366
58890 59417
26382 27849
81022 81315
55400 56140
24869 25534
83084 83274
25950 25983
94811 94854
55034 55280
56864 57247
23294 24492
26242 27697
82722 83026
18719 19632
19065 19468
96067 96083
42178 42755
70662 71023
69195 69636
51901 52327
30563 30906
58611 59353
25667 27065
69370 69843
31058 31773
11609 12660
17417 17915
2840 4485
70743 70975
67564 67910
51152 51359
13523 14969
39935 39972
70960 71337
78902 79199
38541 39172
52446 52851
63190 63406
17723 18846
4142 4613
76656 77000
65290 65736
5654 6987
80180 80421
7798 9128
73505 73697
80977 80993
52160 52883
75778 75905
13327 13424
44493 44744
43605 44282
36588 36965
47879 48725
92545 92612
82507 82765
68209 68260
16645 16809
16893 17516
81005 81217
12928 13275
2364 3456
64607 65223
52808 53165
63805 64076
8826 9623
94866 94870
2283 2899
41374 42341
5560 5764
87093 87140
7711 7736
73412 73775
13093 14496
56642 56714
7343 8065
33454 34541
70684 70994
26300 26517
92648 92753
60923 61048
63501 64197
30969 31687
88640 88663
12783 14438
58004 58823
73818 74041
85590 85860
37542 38471
38445 39288
28406 28923
3988 5843
35318 35534
49251 49600
50491 50810
2220 3693
77950 77985
39192 39456
8203 9290
75927 76179
50632 50826
61164 61281
26508 27153
76134 76448
66522 66885
1397 2513
76055 76262
34305 35121
16330 17855
57575 58170
93449 93515
47271 48288
58708 59442
94737 94753
78824 79015
44829 45712
88338 88384
66697 66913
76328 76497
76877 77126
72037 72203
68926 69295
42679 43772
71600 71933
41437 41837
82948 83230
53843 54114
78002 78307
54347 54572
91785 91842
37627 38411
88417 88645
59975 60382
31475 32082
92619 92767
76741 76915
1107 1215
2960 3580
71693 72059
2186 3939
72345 72861
50359 50965
36951 37432
87123 87209
91380 91411
5579 6355
24961 25061
72759 72823
34605 35531
22464 23852
38858 39706
41967 42054
31197 31444
48356 49127
73523 73848
72433 72863
16684 16716
96098 96164
78774 78966
10064 10661
34986 35918
84620 84918
63447 64030
51212 51694
94837 94901
5970 7213
71572 71757
6919 8486
63923 64479
44475 45175
75433 75701
4769 6267
16083 17734
42370 42652
89087 89149
80674 80767
43868 43974
89546 89641
10275 11467
50237 50447
44408 44453
88950 88975
82966 83006
35435 35556
80520 80859
1295 3100
69931 70144
95781 95791
96772 96818
80666 80804
60238 60345
45219 45748
47468 48513
72441 72556
64163 64477
40445 41243
3639 5525
99861 99864
9240 10499
45968 46570
64918 65006
3841 5067
18569 18796
42451 42626
22645 23175
88917 89082
50196 50670
37023 37693
38412 39515
55943 56075
33706 34004
5884 7155
33057 33832
36180 37107
96749 96755
62471 63163
78133 78295
91179 91300
76304 76682
95839 95913
63794 64204
63273 63577
66110 66381
70213 70782
42955 43903
12001 12803
14957 16343
30929 30964
