1 412
2 412
3 412
4 412
5 412
6 412
7 412
8 412
9 412
1 412
2 412
3 412
4 412
5 412
6 412
7 412
8 412
9 412
10 412
11 412
12 412
13 412
14 412
15 412
16 412
17 412
18 412
19 412
100009 404
100010 404
100012 404
200010 404
200028 404
200035 404
200037 404
200043 404
200082 404
200100 404
200111 404
200123 404
200132 404
200133 404
200165 404
200210 404
200226 404
200269 404
200297 404
200306 404
200340 404
200348 404
200350 404
200363 404
200375 404
200396 404
200397 404
200419 404
200437 404
200440 404
200441 404
200469 404
200473 404
200485 404
200494 404
200504 404
200515 404
200517 404
200528 404
200538 404
200540 404
200548 404
200601 404
200606 404
200607 404
200622 404
200628 404
200639 404
200643 404
200644 404
200653 404
200655 404
200668 404
200669 404
200673 404
200682 404
200686 404
200690 404
200733 404
200736 404
200745 412
200746 412
200747 412
200748 412
200749 412
200750 412
200751 412
200752 412
200754 412
200755 412
200756 412
200757 412
200758 412
200759 412
200760 412
200761 412
200762 412
200763 412
200764 412
200765 412
200766 412
200767 412
200768 412
200769 412
200770 412
200771 412
200772 412
200773 412
200774 412
200775 412
200776 412
200777 412
200778 412
200779 412
200780 412
200781 412
200782 412
200783 412
200784 412
200785 412
200786 412
200787 412
200788 412
200789 412
200790 412
200791 412
200792 412
200793 412
200794 412
200795 412
200796 412
200797 412
200798 412
200799 412
200800 412
200801 412
200802 412
200803 412
200804 412
200805 412
200806 412
200807 412
200808 412
200809 412
200810 412
200811 412
200812 412
200813 412
200814 412
200815 412
200816 412
200817 412
200818 412
200819 412
200820 412
200821 412
200822 412
200823 412
200824 412
200825 412
200826 412
200827 412
200828 412
200829 412
200830 412
200831 412
200832 412
200833 412
200834 412
200835 412
200836 412
200837 412
200838 412
200839 412
200840 412
200841 412
200842 412
200843 412
200844 412
200845 412
200846 412
200847 412
200848 412
200849 412
200850 412
200851 412
200852 412
200853 412
200854 412
200855 412
200856 412
200857 412
200858 412
200859 412
200860 412
200861 412
200862 412
200863 412
200864 412
200865 412
200866 412
200867 412
200868 412
200869 412
200870 412
200871 412
200872 412
200873 412
200874 412
200875 412
200876 412
200877 412
200878 412
200879 412
200880 412
200881 412
200882 412
200883 412
200884 412
200885 412
200886 412
200887 412
200888 412
200889 412
200890 412
200891 412
200892 412
200893 412
200894 412
200895 412
200896 412
200897 412
200898 412
200899 412
200900 412
200901 412
200902 412
200903 412
200904 412
200905 412
200906 412
200907 412
200908 412
200909 412
200910 412
200911 412
200912 412
200913 412
200914 412
200915 412
200916 412
200917 412
200918 412
200919 412
200920 412
200921 412
200922 412
200923 412
200924 412
200925 412
200926 412
200927 412
200928 412
200929 412
200930 412
200931 412
200932 412
200933 412
200934 412
200936 412
200937 412
200938 412
200939 412
200940 412
200941 412
200942 412
200943 412
200944 412
200945 412
200946 412
200947 412
200948 412
200949 412
200950 412
200951 412
200952 412
200953 412
200954 412
200955 412
200956 412
200957 412
200958 412
200959 412
200960 412
200961 412
200962 412
200963 412
200964 412
200965 412
200966 412
200967 412
200968 412
200969 412
200970 412
200971 412
200972 412
200973 412
200974 412
200975 412
200976 412
200977 412
200978 412
200979 412
200980 412
200981 412
200982 412
200983 412
200984 412
200985 412
200986 412
200987 412
200988 412
200989 412
200990 412
200991 412
200992 412
200993 412
200994 412
200995 412
200996 412
200997 412
200998 412
200999 412
201000 412
201001 412
201002 412
201003 412
201004 412
201005 412
201006 412
201007 412
201008 412
201009 412
201010 412
201011 412
201012 412
201013 412
201014 412
201015 412
201016 412
201017 412
201018 412
201019 412
201020 412
201021 412
201022 412
201023 412
201024 412
201025 412
201026 412
201027 412
201028 412
201029 412
201030 412
201031 412
201032 412
201033 412
201034 412
201035 412
201036 412
201037 412
201038 412
201039 412
201040 412
201042 412
201043 412
201044 412
201045 412
201046 412
201047 412
201048 412
201049 412
201050 412
201051 412
201052 412
201053 412
201054 412
201055 412
201056 412
201057 412
201058 412
201059 412
201060 412
201061 412
201062 412
201063 412
201064 412
201065 412
201066 412
201067 412
201068 412
201069 412
201070 412
201071 412
201072 412
201073 412
201074 412
201075 412
201076 412
201077 412
201078 412
201079 412
201080 412
201081 412
201082 412
201083 412
201084 412
201085 412
201086 412
201087 412
201088 412
201089 412
201090 412
201091 412
201092 412
201093 412
201094 412
201095 412
201096 412
201097 412
201098 412
201099 412
201100 412
201101 412
201102 412
201103 412
201104 412
201105 412
201106 412
201107 412
201108 412
201109 412
201110 412
201111 412
201112 412
201113 412
201114 412
201115 412
201116 412
201117 412
201118 412
201119 412
201120 412
201121 412
201122 412
201123 412
201124 412
201125 412
201126 412
201127 412
201128 412
201129 412
201131 412
201132 412
201133 412
201135 412
201136 412
201137 412
201138 412
201139 412
201140 412
201141 412
201142 412
201143 412
201144 412
201145 412
201146 412
201147 412
201148 412
201149 412
201150 412
201151 412
201152 412
201153 412
201154 412
201155 412
201156 412
201157 412
201158 412
201159 412
201160 412
201161 412
201162 412
201163 412
201164 412
201165 412
201166 412
201167 412
201168 412
201169 412
201170 412
201171 412
201172 412
201173 412
201174 412
201175 412
201176 412
201177 412
201178 412
201179 412
201180 412
201181 412
201182 412
201183 412
201184 412
201185 412
201186 412
201187 412
201188 412
201189 412
201190 412
201191 412
201192 412
201193 412
201194 412
201195 404
201196 412
201197 412
201198 412
201199 412
201200 412
201201 412
201202 412
201203 412
201204 412
201205 412
201206 412
201207 412
201208 412
201209 412
201210 412
201211 412
201212 412
201213 412
201214 412
201215 412
201216 412
201217 412
201218 412
201219 412
201220 412
201221 412
201222 412
201223 412
201224 412
201225 412
201226 412
201227 412
201228 412
201229 412
201230 412
201231 412
201232 412
201233 412
201234 412
201235 412
201236 412
201237 412
201238 412
201239 412
201240 412
201241 412
201242 412
201243 412
201244 412
201245 412
201246 412
201247 412
201248 412
201249 412
201250 412
201251 412
201252 412
201253 412
201254 412
201255 412
201256 412
201257 412
201258 412
201259 412
201260 412
201261 412
201262 412
201263 412
201264 412
201265 412
201266 412
201267 412
201268 412
201269 412
201270 412
201271 412
201272 412
201273 412
201274 412
201275 412
201276 412
201277 412
201278 412
201279 412
201280 412
201281 412
201282 412
201283 412
201284 412
201285 412
201286 412
201287 412
201288 412
201289 412
201290 412
201291 412
201292 412
201293 412
201294 412
201295 412
201296 412
201297 412
201298 412
201299 412
201300 412
201301 412
201302 412
201303 412
201304 412
201305 412
201306 412
201307 412
201308 412
201309 412
201310 412
201311 412
201312 412
201313 412
201314 412
201315 412
201316 412
201317 412
201318 412
201319 412
201320 412
201321 412
201322 412
201323 412
201324 412
201325 412
201326 412
201327 412
201328 412
201329 412
201330 412
201331 412
201332 412
201333 412
201334 412
201335 412
201336 412
201337 412
201338 412
201339 412
201340 412
201341 412
201342 412
201343 412
201344 412
201345 412
201346 412
201347 412
201348 412
201349 412
201350 412
201351 412
201352 412
201353 412
201354 412
201355 412
201356 412
201357 412
201358 412
201359 412
201360 412
201361 412
201362 412
201363 412
201364 412
201365 412
201366 412
201367 412
201368 412
201369 412
201370 412
201371 412
201372 412
201373 412
201374 412
201375 412
201376 412
201377 412
201378 412
201379 412
201380 412
201381 412
201382 412
201383 412
201384 412
201385 412
201386 412
201387 412
201388 412
201389 412
201390 412
201391 412
201392 412
201393 412
201394 412
201395 412
201396 412
201397 412
201398 412
201399 412
201400 412
201401 412
201402 412
201403 412
201404 412
201405 412
201406 412
201407 412
201408 412
201409 412
201410 412
201411 412
201412 412
201413 412
201414 412
201415 412
201416 412
201417 412
201418 412
201419 412
201420 412
201421 412
201422 412
201423 412
201424 412
201425 412
201426 412
201427 412
201428 412
201429 412
201430 412
201431 412
201432 412
201433 412
201434 412
201435 412
201436 412
201437 412
201438 412
201439 412
201440 412
201441 412
201442 412
201443 412
201444 412
201445 412
201446 412
201447 412
201448 412
201449 412
201450 412
201451 412
201452 412
201453 412
201454 412
201455 412
201456 412
201457 412
201458 412
201459 412
201460 412
201461 412
201462 412
201464 412
201465 412
201466 412
201467 412
201468 412
201469 412
201470 412
201471 412
201472 412
201473 412
201474 412
201475 412
201476 412
201477 412
201478 412
201479 412
201480 412
201481 412
201482 412
201483 412
201484 412
201485 412
201486 412
201487 412
201488 412
201489 412
201490 412
201491 412
201492 412
201493 412
201494 412
201495 412
201496 412
201497 412
201498 412
201499 412
201500 412
201501 412
201502 412
201503 412
201504 412
201505 412
201506 412
201507 412
201508 412
201509 412
201510 412
201511 412
201512 412
201513 412
201514 412
201515 412
201516 412
201517 412
201518 412
201519 412
201520 412
201521 412
201522 412
201524 412
201525 412
201526 412
201527 412
201528 412
201529 412
201530 412
201531 412
201532 412
201533 412
201534 412
201535 412
201536 412
201537 412
201538 412
201539 412
201540 412
201541 412
201542 412
201543 412
201544 412
201545 412
201546 412
201547 412
201548 412
201549 412
201550 412
201551 412
201552 412
201553 412
201554 412
201555 412
201556 412
201557 412
201558 412
201559 412
201560 412
201561 412
201562 412
201563 412
201564 412
201565 412
201566 412
201567 412
201568 412
201569 412
201570 412
201571 412
201572 412
201573 412
201574 412
201575 412
201576 412
201577 412
201578 412
201579 412
201580 412
201581 412
201582 412
201583 412
201584 412
201585 412
201586 412
201587 412
201588 412
201589 412
201590 412
201591 412
201592 412
201593 412
201594 412
201595 412
201596 412
201597 412
201598 412
201599 412
201600 412
201601 412
201602 412
201603 412
201604 412
201605 412
201606 412
201607 412
201608 412
201609 412
201610 412
201611 412
201612 412
201613 412
201614 412
201615 412
201616 412
201617 412
201618 412
201619 412
201620 412
201621 412
201622 412
201623 412
201624 412
201625 412
201626 412
201627 412
201628 412
201629 412
201630 412
201631 412
201632 412
201633 412
201634 412
201635 412
201636 412
201637 412
201638 412
201639 412
201640 412
201641 412
201642 412
201643 412
201644 412
201645 412
201646 412
201647 412
201648 412
201649 412
201650 412
201651 412
200785 404
200810 404
200825 404
200829 404
200854 404
200856 404
200857 404
200860 404
200871 404
200891 404
200893 404
200902 404
200921 404
200924 404
200925 404
200930 404
200961 404
200969 404
200975 404
201001 404
201010 404
201027 404
201029 404
201032 404
201047 404
201048 404
201052 404
201071 404
201076 404
201077 404
201078 404
201087 404
201092 404
201098 404
201102 404
201133 404
201163 404
201164 404
201165 404
201167 404
201192 404
201195 404
201291 404
201297 404
201338 404
201426 404
201433 404
201443 404
201445 404
201449 404
201461 404
201491 404
201512 404
201515 404
201520 404
201556 404
201564 404
200785 404
200810 404
200825 404
200829 404
200854 404
200856 404
200857 404
200860 404
200871 404
200891 404
200893 404
200785 404
200810 404
200825 404
200829 404
200854 404
200856 404
200857 404
200860 404
200871 404
200891 404
200893 404
200902 404
200810 404
200810 404
200810 404
200810 404
200810 404
200810 404
200810 404
200810 404
200810 404
200810 404
200810 404
200810 404
200810 404
200810 404
200810 404
200810 404
200810 404
200810 404
200810 404
200810 404
200810 404
200810 404
200854 404
200854 404
200854 404
200854 404
200854 404
200854 404
200854 404
200854 404
200854 404
200854 404
200854 404
200854 404
200854 404
200854 404
200854 404
200854 404
200854 404
200854 404
200854 404
200854 404
200854 404
200854 404
201052 404
201052 404
201052 404
201052 404
201052 404
201052 404
201052 404
201052 404
201052 404
201052 404
201052 404
201052 404
201052 404
201052 404
201052 404
201052 404
201052 404
201052 404
201052 404
201052 404
201052 404
201052 404
201338 404
201338 404
201338 404
201338 404
201338 404
201338 404
201338 404
201338 404
201338 404
201338 404
201338 404
201338 404
201338 404
201338 404
201338 404
201338 404
201338 404
201338 404
201338 404
201338 404
201338 404
201338 404
201426 404
201426 404
201426 404
201426 404
201426 404
201426 404
201426 404
201426 404
201426 404
201426 404
201426 404
201426 404
201426 404
201426 404
201426 404
201426 404
201426 404
201426 404
201426 404
201426 404
201426 404
201426 404
201734 412
201800 412
201888 412
202064 412
200759 412
200744 412
200745 412
200746 412
200747 412
200748 412
200749 412
200750 412
200751 412
200752 412
200753 412
200754 412
200755 412
200756 412
200757 412
200758 412
200759 412
200760 412
200761 412
200762 412
200763 412
200764 412
200765 412
200766 412
200767 412
200768 412
200769 412
200770 412
200771 412
200772 412
200773 412
200774 412
200775 412
200776 412
200777 412
200778 412
200779 412
200780 412
200781 412
200782 412
200783 412
200784 412
200785 412
200786 412
200787 412
200788 412
200789 412
200790 412
200791 412
200792 412
200793 412
200794 412
200795 412
200796 412
200797 412
200798 412
200799 412
200800 412
200801 412
200802 412
200803 412
200804 412
200805 412
200806 412
200807 412
200808 412
200809 412
200810 412
200811 412
200812 412
200813 412
200814 412
200815 412
200816 412
200817 412
200818 412
200819 412
200820 412
200821 412
200822 412
200823 412
200824 412
200825 412
200826 412
200827 412
200828 412
200829 412
200830 412
200831 412
200832 412
200833 412
200834 412
200835 412
200836 412
200837 412
200838 412
200839 412
200840 412
200841 412
200842 412
200843 412
200844 412
200845 412
200846 412
200847 412
200848 412
200849 412
200850 412
200851 412
200852 412
200853 412
200854 412
200855 412
200856 412
200857 412
200858 412
200859 412
200860 412
200861 412
200862 412
200863 412
200864 412
200865 412
200866 412
200867 412
200868 412
200869 412
200870 412
200871 412
200872 412
200873 412
200874 412
200875 412
200876 412
200877 412
200878 412
200879 412
200880 412
200881 412
200882 412
200883 412
200884 412
200885 412
200886 412
200887 412
200888 412
200889 412
200890 412
200891 412
200892 412
200893 412
200894 412
200895 412
200896 412
200897 412
200898 412
200899 412
200900 412
200901 412
200902 412
200903 412
200904 412
200905 412
200906 412
200907 412
200908 412
200909 412
200751 412
200759 412
200744 412
200753 412
200758 412
200748 412
200752 412
200756 412
200763 412
200749 412
200747 412
200757 412
200754 412
200761 412
200755 412
200760 412
200745 412
200746 412
200765 412
200764 412
200762 412
200750 412
200773 412
200766 412
200781 412
200780 412
200775 412
200776 412
200769 412
200778 412
200774 412
200771 412
200768 412
200779 412
200783 412
200787 412
200784 412
200772 412
200777 412
200782 412
200767 412
200795 412
200786 412
200785 412
200803 412
200788 412
200802 412
200798 412
200791 412
200797 412
200800 412
200770 412
200805 412
200809 412
200801 412
200804 412
200793 412
200790 412
200808 412
200817 412
200789 412
200794 412
200807 412
200806 412
200799 412
200796 412
200825 412
200820 412
200824 412
200810 412
200819 412
200823 412
200822 412
200813 412
200811 412
200792 412
200830 412
200812 412
200827 412
200831 412
200839 412
200818 412
200815 412
200816 412
200829 412
200826 412
200821 412
200828 412
200847 412
200846 412
200842 412
200853 412
200845 412
200844 412
200832 412
200849 412
200837 412
200852 412
200833 412
200814 412
200843 412
200838 412
200840 412
200848 412
200861 412
200835 412
200834 412
200841 412
200850 412
200851 412
200869 412
200868 412
200875 412
200864 412
200867 412
200874 412
200854 412
200866 412
200883 412
200860 412
200863 412
200871 412
200870 412
200855 412
200856 412
200836 412
200862 412
200873 412
200857 412
200872 412
200859 412
200865 412
200891 412
200890 412
200889 412
200897 412
200886 412
200885 412
200905 412
200876 412
200896 412
200893 412
200879 412
200882 412
200858 412
200884 412
200887 412
200888 412
200892 412
200878 412
200894 412
200877 412
200895 412
200881 412
200913 412
200911 412
200912 412
200919 412
200907 412
200908 412
200918 412
200898 412
200927 412
200904 412
200915 412
200916 412
200914 412
200906 412
200899 412
200909 412
200910 412
200917 412
200901 412
200903 412
200900 412
200880 412
200935 412
200934 412
200941 412
200929 412
200933 412
200937 412
200940 412
200920 412
200930 412
200925 412
200928 412
200931 412
200923 412
200926 412
200939 412
200949 412
200902 412
200932 412
200938 412
200922 412
200936 412
200957 412
200921 412
200956 412
200963 412
200951 412
200955 412
200942 412
200947 412
200962 412
200961 412
200944 412
200959 412
200960 412
200924 412
200979 412
200971 412
200954 412
200953 412
200950 412
200958 412
200945 412
200948 412
200943 412
200952 412
200978 412
200966 412
200985 412
200975 412
200977 412
200983 412
200964 412
200973 412
201001 412
200969 412
200981 412
200946 412
200967 412
200976 412
200980 412
200982 412
200970 412
200984 412
200965 412
200993 412
200974 412
200972 412
201007 412
200988 412
201005 412
200995 412
201000 412
200999 412
200991 412
201023 412
201015 412
200997 412
200986 412
200968 412
201003 412
200987 412
200989 412
200996 412
200992 412
201006 412
200998 412
201002 412
200994 412
201004 412
201029 412
201010 412
201027 412
201037 412
201019 412
201021 412
201017 412
201025 412
201008 412
200990 412
201045 412
201022 412
201014 412
201009 412
201024 412
201020 412
201018 412
201011 412
201013 412
201028 412
201016 412
201026 412
201051 412
201049 412
201047 412
201041 412
201059 412
201012 412
201033 412
201035 412
201038 412
201036 412
201044 412
201031 412
201030 412
201040 412
201050 412
201046 412
201039 412
201042 412
201067 412
201043 412
201048 412
201032 412
201071 412
201081 412
201063 412
201069 412
201073 412
201072 412
201060 412
201052 412
201058 412
201061 412
201053 412
201034 412
201089 412
201055 412
201066 412
201065 412
201062 412
201064 412
201068 412
201057 412
201054 412
201070 412
201103 412
201093 412
201085 412
201091 412
201077 412
201083 412
201056 412
201082 412
201087 412
201111 412
201086 412
201079 412
201095 412
201094 412
201090 412
201074 412
201075 412
201080 412
201088 412
201084 412
201076 412
201092 412
201125 412
201107 412
201113 412
201105 412
201099 412
201115 412
201101 412
201102 412
201106 412
201112 412
201078 412
201098 412
201096 412
201116 412
201097 412
201133 412
201109 412
201110 412
201104 412
201117 412
201108 412
201114 412
201147 412
201121 412
201137 412
201127 412
201124 412
201100 412
201128 412
201135 412
201134 412
201132 412
201138 412
201123 412
201126 412
201130 412
201155 412
201119 412
201131 412
201136 412
201118 412
201120 412
201139 412
201169 412
201129 412
201143 412
201145 412
201159 412
201146 412
201156 412
201154 412
201122 412
201149 412
201160 412
201150 412
201157 412
201158 412
201177 412
201161 412
201141 412
201152 412
201140 412
201148 412
201153 412
201142 412
201191 412
201167 412
201181 412
201178 412
201165 412
201168 412
201176 412
201151 412
201171 412
201182 412
201175 412
201179 412
201163 412
201144 412
201170 412
201162 412
201180 412
201172 412
201183 412
201164 412
201174 412
201199 412
201213 412
201187 412
201189 412
201200 412
201203 412
201184 412
201198 412
201193 412
201173 412
201202 412
201205 412
201194 412
201201 412
201186 412
201204 412
201185 412
201192 412
201196 412
201190 412
201197 412
201166 412
201221 412
201222 412
201235 412
201209 412
201211 412
201225 412
201195 412
201220 412
201227 412
201207 412
201223 412
201206 412
201188 412
201216 412
201212 412
201224 412
201243 412
201208 412
201226 412
201215 412
201218 412
201214 412
201219 412
201247 412
201245 412
201231 412
201257 412
201229 412
201233 412
201242 412
201217 412
201244 412
201228 412
201238 412
201240 412
201236 412
201234 412
201246 412
201265 412
201237 412
201230 412
201210 412
201248 412
201249 412
201269 412
201241 412
201267 412
201251 412
201255 412
201279 412
201258 412
201266 412
201252 412
201262 412
201253 412
201260 412
201259 412
201239 412
201256 412
201250 412
201232 412
201287 412
201264 412
201268 412
201271 412
201270 412
201291 412
201263 412
201273 412
201289 412
201301 412
201277 412
201280 412
201275 412
201272 412
201288 412
201293 412
201261 412
201274 412
201281 412
201284 412
201282 412
201278 412
201309 412
201254 412
201290 412
201286 412
201292 412
201313 412
201285 412
201295 412
201311 412
201315 412
201323 412
201299 412
201302 412
201294 412
201297 412
201283 412
201308 412
201310 412
201296 412
201306 412
201303 412
201314 412
201300 412
201276 412
201331 412
201312 412
201317 412
201307 412
201335 412
201304 412
201333 412
201316 412
201345 412
201321 412
201319 412
201305 412
201325 412
201324 412
201353 412
201328 412
201330 412
201318 412
201322 412
201298 412
201329 412
201332 412
201339 412
201334 412
201336 412
201326 412
201357 412
201337 412
201355 412
201338 412
201343 412
201341 412
201375 412
201327 412
201344 412
201348 412
201358 412
201352 412
201320 412
201340 412
201367 412
201347 412
201356 412
201350 412
201359 412
201351 412
201354 412
201361 412
201379 412
201346 412
201397 412
201360 412
201366 412
201349 412
201363 412
201365 412
201377 412
201342 412
201380 412
201362 412
201368 412
201369 412
201374 412
201381 412
201373 412
201376 412
201401 412
201389 412
201378 412
201372 412
201383 412
201370 412
201387 412
201419 412
201385 412
201388 412
201382 412
201371 412
201402 412
201364 412
201384 412
201391 412
201400 412
201394 412
201411 412
201395 412
201390 412
201399 412
201396 412
201423 412
201405 412
201392 412
201398 412
201403 412
201441 412
201393 412
201410 412
201409 412
201407 412
201422 412
201412 412
201417 412
201406 412
201418 412
201386 412
201404 412
201433 412
201445 412
201414 412
201413 412
201416 412
201421 412
201420 412
201424 412
201427 412
201425 412
201463 412
201444 412
201415 412
201432 412
201434 412
201431 412
201429 412
201426 412
201436 412
201439 412
201467 412
201446 412
201455 412
201442 412
201443 412
201408 412
201449 412
201440 412
201447 412
201428 412
201438 412
201435 412
201485 412
201466 412
201454 412
201448 412
201453 412
201451 412
201458 412
201456 412
201489 412
201437 412
201465 412
201430 412
201464 412
201461 412
201468 412
201462 412
201469 412
201471 412
201457 412
201477 412
201450 412
201460 412
201470 412
201488 412
201476 412
201475 412
201507 412
201473 412
201459 412
201478 412
201452 412
201491 412
201486 412
201487 412
201480 412
201472 412
201493 412
201483 412
201479 412
201482 412
201490 412
201499 412
201511 412
201484 412
201492 412
201510 412
201498 412
201497 412
201500 412
201529 412
201495 412
201481 412
201509 412
201502 412
201494 412
201504 412
201512 412
201501 412
201474 412
201513 412
201505 412
201515 412
201533 412
201508 412
201521 412
201532 412
201506 412
201514 412
201519 412
201522 412
201517 412
201520 412
201551 412
201503 412
201543 412
201524 412
201516 412
201535 412
201531 412
201530 412
201523 412
201537 412
201534 412
201527 412
201526 412
201496 412
201555 412
201554 412
201528 412
201541 412
201536 412
201525 412
201544 412
201539 412
201546 412
201545 412
201542 412
201559 412
201565 412
201518 412
201552 412
201553 412
201577 412
201556 412
201573 412
201557 412
201548 412
201549 412
201576 412
201538 412
201550 412
201558 412
201566 412
201547 412
201563 412
201568 412
201561 412
201567 412
201581 412
201564 412
201571 412
201587 412
201570 412
201540 412
201599 412
201598 412
201574 412
201595 412
201579 412
201575 412
201560 412
201578 412
201572 412
201585 412
201580 412
201569 412
201588 412
201589 412
201586 412
201583 412
201600 412
201621 412
201603 412
201592 412
201620 412
201597 412
201609 412
201562 412
201617 412
201593 412
201582 412
201596 412
201590 412
201601 412
201594 412
201607 412
201591 412
201611 412
201602 412
201610 412
201608 412
201622 412
201618 412
201625 412
201605 412
201615 412
201619 412
201612 412
201604 412
201584 412
201623 412
201639 412
201614 412
201643 412
201642 412
201631 412
201616 412
201629 412
201640 412
201624 412
201633 412
201630 412
201644 412
201641 412
201613 412
201661 412
201647 412
201665 412
201653 412
201634 412
201632 412
201627 412
201606 412
201636 412
201626 412
201645 412
201664 412
201637 412
201662 412
201638 412
201651 412
201655 412
201652 412
201646 412
201666 412
201675 412
201649 412
201663 412
201635 412
201658 412
201687 412
201654 412
201659 412
201667 412
201648 412
201686 412
201628 412
201656 412
201669 412
201683 412
201684 412
201677 412
201660 412
201688 412
201673 412
201674 412
201685 412
201671 412
201697 412
201709 412
201670 412
201678 412
201657 412
201689 412
201681 412
201705 412
201680 412
201708 412
201676 412
201650 412
201691 412
200747 412 39.137.69.9:8080
200751 412 61.163.32.88:3128
200746 412 61.176.223.8:30125
200761 412 123.56.161.63:80
200749 412 58.220.95.32:10174
200744 412 58.87.76.102:3128
200748 412 121.8.98.197:80
200753 412 221.182.31.54:8080
200756 412 39.137.69.7:8080
200752 412 139.196.93.30:8081
200745 412 47.106.162.218:80
200754 412 101.4.136.34:81
200757 412 47.75.161.251:80
200760 412 221.180.170.104:8080
200763 412 112.95.27.172:8088
200758 412 116.196.85.150:3128
200762 412 58.251.235.71:9797
200750 412 39.106.205.147:8085
200764 412 39.137.69.10:8080
200765 412 58.220.95.35:10174
200755 412 39.137.69.6:80
200759 412 120.79.48.160:8080
200769 412 39.137.69.9:8080
200773 412 61.163.32.88:3128
200767 412 47.106.162.218:80
200779 412 47.75.161.251:80
200781 412 120.79.48.160:8080
200768 412 61.176.223.8:30125
200783 412 123.56.161.63:80
200782 412 221.180.170.104:8080
200770 412 121.8.98.197:80
200778 412 39.137.69.7:8080
200774 412 139.196.93.30:8081
200777 412 39.137.69.6:80
200780 412 116.196.85.150:3128
200785 412 112.95.27.172:8088
200775 412 221.182.31.54:8080
200771 412 58.220.95.32:10174
200786 412 39.137.69.10:8080
200787 412 58.220.95.35:10174
200772 412 39.106.205.147:8085
200766 412 58.87.76.102:3128
200784 412 58.251.235.71:9797
200776 412 101.4.136.34:81
200791 412 39.137.69.9:8080
200795 412 61.163.32.88:3128
200789 412 47.106.162.218:80
200801 412 47.75.161.251:80
200803 412 120.79.48.160:8080
200790 412 61.176.223.8:30125
200805 412 123.56.161.63:80
200804 412 221.180.170.104:8080
200797 412 221.182.31.54:8080
200792 412 121.8.98.197:80
200802 412 116.196.85.150:3128
200796 412 139.196.93.30:8081
200798 412 101.4.136.34:81
200800 412 39.137.69.7:8080
200807 412 112.95.27.172:8088
200794 412 39.106.205.147:8085
200808 412 39.137.69.10:8080
200809 412 58.220.95.35:10174
200806 412 58.251.235.71:9797
200793 412 58.220.95.32:10174
200788 412 58.87.76.102:3128
200799 412 39.137.69.6:80
200817 412 61.163.32.88:3128
200813 412 39.137.69.9:8080
200812 412 61.176.223.8:30125
200823 412 47.75.161.251:80
200827 412 123.56.161.63:80
200826 412 221.180.170.104:8080
200811 412 47.106.162.218:80
200825 412 120.79.48.160:8080
200819 412 221.182.31.54:8080
200818 412 139.196.93.30:8081
200814 412 121.8.98.197:80
200820 412 101.4.136.34:81
200824 412 116.196.85.150:3128
200829 412 112.95.27.172:8088
200810 412 58.87.76.102:3128
200816 412 39.106.205.147:8085
200831 412 58.220.95.35:10174
200822 412 39.137.69.7:8080
200828 412 58.251.235.71:9797
200830 412 39.137.69.10:8080
200815 412 58.220.95.32:10174
200821 412 39.137.69.6:80
200839 412 61.163.32.88:3128
200835 412 39.137.69.9:8080
200833 412 47.106.162.218:80
200845 412 47.75.161.251:80
200848 412 221.180.170.104:8080
200849 412 123.56.161.63:80
200836 412 121.8.98.197:80
200834 412 61.176.223.8:30125
200847 412 120.79.48.160:8080
200840 412 139.196.93.30:8081
200841 412 221.182.31.54:8080
200846 412 116.196.85.150:3128
200842 412 101.4.136.34:81
200838 412 39.106.205.147:8085
200851 412 112.95.27.172:8088
200843 412 39.137.69.6:80
200850 412 58.251.235.71:9797
200844 412 39.137.69.7:8080
200837 412 58.220.95.32:10174
200853 412 58.220.95.35:10174
200852 412 39.137.69.10:8080
200861 412 61.163.32.88:3128
200857 412 39.137.69.9:8080
200867 412 47.75.161.251:80
200870 412 221.180.170.104:8080
200855 412 47.106.162.218:80
200871 412 123.56.161.63:80
200856 412 61.176.223.8:30125
200858 412 121.8.98.197:80
200869 412 120.79.48.160:8080
200868 412 116.196.85.150:3128
200865 412 39.137.69.6:80
200862 412 139.196.93.30:8081
200863 412 221.182.31.54:8080
200873 412 112.95.27.172:8088
200864 412 101.4.136.34:81
200832 412 58.87.76.102:3128
200860 412 39.106.205.147:8085
200866 412 39.137.69.7:8080
200875 412 58.220.95.35:10174
200859 412 58.220.95.32:10174
200874 412 39.137.69.10:8080
200883 412 61.163.32.88:3128
200872 412 58.251.235.71:9797
200878 412 61.176.223.8:30125
200893 412 123.56.161.63:80
200879 412 39.137.69.9:8080
200877 412 47.106.162.218:80
200892 412 221.180.170.104:8080
200889 412 47.75.161.251:80
200891 412 120.79.48.160:8080
200880 412 121.8.98.197:80
200885 412 221.182.31.54:8080
200884 412 139.196.93.30:8081
200854 412 58.87.76.102:3128
200890 412 116.196.85.150:3128
200882 412 39.106.205.147:8085
200888 412 39.137.69.7:8080
200886 412 101.4.136.34:81
200887 412 39.137.69.6:80
200895 412 112.95.27.172:8088
200897 412 58.220.95.35:10174
200881 412 58.220.95.32:10174
200896 412 39.137.69.10:8080
200905 412 61.163.32.88:3128
200911 412 47.75.161.251:80
200915 412 123.56.161.63:80
200900 412 61.176.223.8:30125
200901 412 39.137.69.9:8080
200899 412 47.106.162.218:80
200914 412 221.180.170.104:8080
200894 412 58.251.235.71:9797
200913 412 120.79.48.160:8080
200902 412 121.8.98.197:80
200907 412 221.182.31.54:8080
200876 412 58.87.76.102:3128
200909 412 39.137.69.6:80
200904 412 39.106.205.147:8085
200908 412 101.4.136.34:81
200912 412 116.196.85.150:3128
200918 412 39.137.69.10:8080
200910 412 39.137.69.7:8080
200917 412 112.95.27.172:8088
200927 412 61.163.32.88:3128
200903 412 58.220.95.32:10174
200906 412 139.196.93.30:8081
200919 412 58.220.95.35:10174
200937 412 123.56.161.63:80
200922 412 61.176.223.8:30125
200921 412 47.106.162.218:80
200933 412 47.75.161.251:80
200924 412 121.8.98.197:80
200936 412 221.180.170.104:8080
200929 412 221.182.31.54:8080
200898 412 58.87.76.102:3128
200916 412 58.251.235.71:9797
200935 412 120.79.48.160:8080
200939 412 112.95.27.172:8088
200930 412 101.4.136.34:81
200923 412 39.137.69.9:8080
200949 412 61.163.32.88:3128
200934 412 116.196.85.150:3128
200941 412 58.220.95.35:10174
200940 412 39.137.69.10:8080
200928 412 139.196.93.30:8081
200932 412 39.137.69.7:8080
200931 412 39.137.69.6:80
200925 412 58.220.95.32:10174
200926 412 39.106.205.147:8085
200944 412 61.176.223.8:30125
200951 412 221.182.31.54:8080
200959 412 123.56.161.63:80
200943 412 47.106.162.218:80
200938 412 58.251.235.71:9797
200946 412 121.8.98.197:80
200958 412 221.180.170.104:8080
200955 412 47.75.161.251:80
200920 412 58.87.76.102:3128
200945 412 39.137.69.9:8080
200957 412 120.79.48.160:8080
200952 412 101.4.136.34:81
200961 412 112.95.27.172:8088
200953 412 39.137.69.6:80
200963 412 58.220.95.35:10174
200971 412 61.163.32.88:3128
200956 412 116.196.85.150:3128
200954 412 39.137.69.7:8080
200950 412 139.196.93.30:8081
200948 412 39.106.205.147:8085
200947 412 58.220.95.32:10174
200962 412 39.137.69.10:8080
200966 412 61.176.223.8:30125
200973 412 221.182.31.54:8080
200965 412 47.106.162.218:80
200960 412 58.251.235.71:9797
200977 412 47.75.161.251:80
200942 412 58.87.76.102:3128
200981 412 123.56.161.63:80
200979 412 120.79.48.160:8080
200985 412 58.220.95.35:10174
200974 412 101.4.136.34:81
200980 412 221.180.170.104:8080
200967 412 39.137.69.9:8080
200972 412 139.196.93.30:8081
200968 412 121.8.98.197:80
200983 412 112.95.27.172:8088
200976 412 39.137.69.7:8080
200978 412 116.196.85.150:3128
200970 412 39.106.205.147:8085
200984 412 39.137.69.10:8080
200969 412 58.220.95.32:10174
200975 412 39.137.69.6:80
200993 412 61.163.32.88:3128
200988 412 61.176.223.8:30125
200982 412 58.251.235.71:9797
200987 412 47.106.162.218:80
200995 412 221.182.31.54:8080
200999 412 47.75.161.251:80
200964 412 58.87.76.102:3128
201003 412 123.56.161.63:80
200990 412 121.8.98.197:80
201006 412 39.137.69.10:8080
200997 412 39.137.69.6:80
200992 412 39.106.205.147:8085
200994 412 139.196.93.30:8081
201007 412 58.220.95.35:10174
201005 412 112.95.27.172:8088
201015 412 61.163.32.88:3128
200991 412 58.220.95.32:10174
201001 412 120.79.48.160:8080
201002 412 221.180.170.104:8080
200996 412 101.4.136.34:81
200998 412 39.137.69.7:8080
200989 412 39.137.69.9:8080
201000 412 116.196.85.150:3128
201010 412 61.176.223.8:30125
201017 412 221.182.31.54:8080
201009 412 47.106.162.218:80
201004 412 58.251.235.71:9797
201021 412 47.75.161.251:80
200986 412 58.87.76.102:3128
201025 412 123.56.161.63:80
201019 412 39.137.69.6:80
201012 412 121.8.98.197:80
201014 412 39.106.205.147:8085
201028 412 39.137.69.10:8080
201024 412 221.180.170.104:8080
201023 412 120.79.48.160:8080
201016 412 139.196.93.30:8081
201011 412 39.137.69.9:8080
201032 412 61.176.223.8:30125
201027 412 112.95.27.172:8088
201037 412 61.163.32.88:3128
201018 412 101.4.136.34:81
201022 412 116.196.85.150:3128
201020 412 39.137.69.7:8080
201029 412 58.220.95.35:10174
201013 412 58.220.95.32:10174
201039 412 221.182.31.54:8080
201031 412 47.106.162.218:80
201026 412 58.251.235.71:9797
201043 412 47.75.161.251:80
201047 412 123.56.161.63:80
201008 412 58.87.76.102:3128
201041 412 39.137.69.6:80
201034 412 121.8.98.197:80
201036 412 39.106.205.147:8085
201045 412 120.79.48.160:8080
201050 412 39.137.69.10:8080
201046 412 221.180.170.104:8080
201038 412 139.196.93.30:8081
201049 412 112.95.27.172:8088
201033 412 39.137.69.9:8080
201042 412 39.137.69.7:8080
201044 412 116.196.85.150:3128
201054 412 61.176.223.8:30125
201051 412 58.220.95.35:10174
201035 412 58.220.95.32:10174
201059 412 61.163.32.88:3128
201040 412 101.4.136.34:81
201061 412 221.182.31.54:8080
201053 412 47.106.162.218:80
201048 412 58.251.235.71:9797
201065 412 47.75.161.251:80
201069 412 123.56.161.63:80
201030 412 58.87.76.102:3128
201056 412 121.8.98.197:80
201063 412 39.137.69.6:80
201058 412 39.106.205.147:8085
201068 412 221.180.170.104:8080
201072 412 39.137.69.10:8080
201067 412 120.79.48.160:8080
201071 412 112.95.27.172:8088
201060 412 139.196.93.30:8081
201055 412 39.137.69.9:8080
201064 412 39.137.69.7:8080
201076 412 61.176.223.8:30125
201062 412 101.4.136.34:81
201057 412 58.220.95.32:10174
201081 412 61.163.32.88:3128
201066 412 116.196.85.150:3128
201070 412 58.251.235.71:9797
201073 412 58.220.95.35:10174
201075 412 47.106.162.218:80
201083 412 221.182.31.54:8080
201091 412 123.56.161.63:80
201087 412 47.75.161.251:80
201078 412 121.8.98.197:80
201052 412 58.87.76.102:3128
201085 412 39.137.69.6:80
201080 412 39.106.205.147:8085
201090 412 221.180.170.104:8080
201094 412 39.137.69.10:8080
201089 412 120.79.48.160:8080
201093 412 112.95.27.172:8088
201082 412 139.196.93.30:8081
201086 412 39.137.69.7:8080
201077 412 39.137.69.9:8080
201098 412 61.176.223.8:30125
201103 412 61.163.32.88:3128
201088 412 116.196.85.150:3128
201092 412 58.251.235.71:9797
201109 412 47.75.161.251:80
201113 412 123.56.161.63:80
201097 412 47.106.162.218:80
201084 412 101.4.136.34:81
201079 412 58.220.95.32:10174
201074 412 58.87.76.102:3128
201105 412 221.182.31.54:8080
201100 412 121.8.98.197:80
201095 412 58.220.95.35:10174
201107 412 39.137.69.6:80
201112 412 221.180.170.104:8080
201102 412 39.106.205.147:8085
201116 412 39.137.69.10:8080
201115 412 112.95.27.172:8088
201104 412 139.196.93.30:8081
201120 412 61.176.223.8:30125
201108 412 39.137.69.7:8080
201099 412 39.137.69.9:8080
201110 412 116.196.85.150:3128
201125 412 61.163.32.88:3128
201101 412 58.220.95.32:10174
201106 412 101.4.136.34:81
201096 412 58.87.76.102:3128
201111 412 120.79.48.160:8080
201114 412 58.251.235.71:9797
201135 412 123.56.161.63:80
201127 412 221.182.31.54:8080
201119 412 47.106.162.218:80
201131 412 47.75.161.251:80
201124 412 39.106.205.147:8085
201134 412 221.180.170.104:8080
201122 412 121.8.98.197:80
201117 412 58.220.95.35:10174
201138 412 39.137.69.10:8080
201137 412 112.95.27.172:8088
201126 412 139.196.93.30:8081
201142 412 61.176.223.8:30125
201130 412 39.137.69.7:8080
201121 412 39.137.69.9:8080
201147 412 61.163.32.88:3128
201132 412 116.196.85.150:3128
201128 412 101.4.136.34:81
201129 412 39.137.69.6:80
201118 412 58.87.76.102:3128
201123 412 58.220.95.32:10174
201136 412 58.251.235.71:9797
201133 412 120.79.48.160:8080
201149 412 221.182.31.54:8080
201144 412 121.8.98.197:80
201156 412 221.180.170.104:8080
201141 412 47.106.162.218:80
201157 412 123.56.161.63:80
201146 412 39.106.205.147:8085
201160 412 39.137.69.10:8080
201139 412 58.220.95.35:10174
201153 412 47.75.161.251:80
201148 412 139.196.93.30:8081
201159 412 112.95.27.172:8088
201164 412 61.176.223.8:30125
201152 412 39.137.69.7:8080
201169 412 61.163.32.88:3128
201143 412 39.137.69.9:8080
201150 412 101.4.136.34:81
201154 412 116.196.85.150:3128
201140 412 58.87.76.102:3128
201151 412 39.137.69.6:80
201158 412 58.251.235.71:9797
201145 412 58.220.95.32:10174
201155 412 120.79.48.160:8080
201163 412 47.106.162.218:80
201171 412 221.182.31.54:8080
201168 412 39.106.205.147:8085
201181 412 112.95.27.172:8088
201186 412 61.176.223.8:30125
201178 412 221.180.170.104:8080
201175 412 47.75.161.251:80
201179 412 123.56.161.63:80
201182 412 39.137.69.10:8080
201166 412 121.8.98.197:80
201161 412 58.220.95.35:10174
201170 412 139.196.93.30:8081
201174 412 39.137.69.7:8080
201191 412 61.163.32.88:3128
201162 412 58.87.76.102:3128
201165 412 39.137.69.9:8080
201177 412 120.79.48.160:8080
201172 412 101.4.136.34:81
201176 412 116.196.85.150:3128
201173 412 39.137.69.6:80
201185 412 47.106.162.218:80
201180 412 58.251.235.71:9797
201167 412 58.220.95.32:10174
201193 412 221.182.31.54:8080
201208 412 61.176.223.8:30125
201203 412 112.95.27.172:8088
201188 412 121.8.98.197:80
201201 412 123.56.161.63:80
201183 412 58.220.95.35:10174
201200 412 221.180.170.104:8080
201190 412 39.106.205.147:8085
201197 412 47.75.161.251:80
201204 412 39.137.69.10:8080
201192 412 139.196.93.30:8081
201196 412 39.137.69.7:8080
201213 412 61.163.32.88:3128
201184 412 58.87.76.102:3128
201187 412 39.137.69.9:8080
201215 412 221.182.31.54:8080
201198 412 116.196.85.150:3128
201202 412 58.251.235.71:9797
201189 412 58.220.95.32:10174
201199 412 120.79.48.160:8080
201195 412 39.137.69.6:80
201207 412 47.106.162.218:80
201194 412 101.4.136.34:81
201230 412 61.176.223.8:30125
201225 412 112.95.27.172:8088
201223 412 123.56.161.63:80
201210 412 121.8.98.197:80
201222 412 221.180.170.104:8080
201218 412 39.137.69.7:8080
201219 412 47.75.161.251:80
201226 412 39.137.69.10:8080
201214 412 139.196.93.30:8081
201212 412 39.106.205.147:8085
201205 412 58.220.95.35:10174
201235 412 61.163.32.88:3128
201206 412 58.87.76.102:3128
201209 412 39.137.69.9:8080
201221 412 120.79.48.160:8080
201224 412 58.251.235.71:9797
201211 412 58.220.95.32:10174
201220 412 116.196.85.150:3128
201232 412 121.8.98.197:80
201229 412 47.106.162.218:80
201216 412 101.4.136.34:81
201252 412 61.176.223.8:30125
201236 412 139.196.93.30:8081
201248 412 39.137.69.10:8080
201217 412 39.137.69.6:80
201244 412 221.180.170.104:8080
201241 412 47.75.161.251:80
201245 412 123.56.161.63:80
201247 412 112.95.27.172:8088
201234 412 39.106.205.147:8085
201237 412 221.182.31.54:8080
201227 412 58.220.95.35:10174
201240 412 39.137.69.7:8080
201257 412 61.163.32.88:3128
201228 412 58.87.76.102:3128
201231 412 39.137.69.9:8080
201242 412 116.196.85.150:3128
201266 412 221.180.170.104:8080
201251 412 47.106.162.218:80
201233 412 58.220.95.32:10174
201246 412 58.251.235.71:9797
201269 412 112.95.27.172:8088
201263 412 47.75.161.251:80
201270 412 39.137.69.10:8080
201258 412 139.196.93.30:8081
201274 412 61.176.223.8:30125
201239 412 39.137.69.6:80
201238 412 101.4.136.34:81
201279 412 61.163.32.88:3128
201267 412 123.56.161.63:80
201254 412 121.8.98.197:80
201256 412 39.106.205.147:8085
201259 412 221.182.31.54:8080
201262 412 39.137.69.7:8080
201249 412 58.220.95.35:10174
201243 412 120.79.48.160:8080
201250 412 58.87.76.102:3128
201253 412 39.137.69.9:8080
201255 412 58.220.95.32:10174
201288 412 221.180.170.104:8080
201273 412 47.106.162.218:80
201296 412 61.176.223.8:30125
201264 412 116.196.85.150:3128
201289 412 123.56.161.63:80
201285 412 47.75.161.251:80
201260 412 101.4.136.34:81
201276 412 121.8.98.197:80
201278 412 39.106.205.147:8085
201301 412 61.163.32.88:3128
201268 412 58.251.235.71:9797
201261 412 39.137.69.6:80
201280 412 139.196.93.30:8081
201291 412 112.95.27.172:8088
201292 412 39.137.69.10:8080
201284 412 39.137.69.7:8080
201281 412 221.182.31.54:8080
201271 412 58.220.95.35:10174
201265 412 120.79.48.160:8080
201275 412 39.137.69.9:8080
201272 412 58.87.76.102:3128
201310 412 221.180.170.104:8080
201277 412 58.220.95.32:10174
201318 412 61.176.223.8:30125
201295 412 47.106.162.218:80
201314 412 39.137.69.10:8080
201311 412 123.56.161.63:80
201307 412 47.75.161.251:80
201302 412 139.196.93.30:8081
201282 412 101.4.136.34:81
201286 412 116.196.85.150:3128
201293 412 58.220.95.35:10174
201303 412 221.182.31.54:8080
201323 412 61.163.32.88:3128
201313 412 112.95.27.172:8088
201298 412 121.8.98.197:80
201300 412 39.106.205.147:8085
201283 412 39.137.69.6:80
201290 412 58.251.235.71:9797
201306 412 39.137.69.7:8080
201287 412 120.79.48.160:8080
201299 412 58.220.95.32:10174
201294 412 58.87.76.102:3128
201332 412 221.180.170.104:8080
201297 412 39.137.69.9:8080
201336 412 39.137.69.10:8080
201340 412 61.176.223.8:30125
201317 412 47.106.162.218:80
201335 412 112.95.27.172:8088
201333 412 123.56.161.63:80
201329 412 47.75.161.251:80
201328 412 39.137.69.7:8080
201320 412 121.8.98.197:80
201315 412 58.220.95.35:10174
201325 412 221.182.31.54:8080
201324 412 139.196.93.30:8081
201304 412 101.4.136.34:81
201305 412 39.137.69.6:80
201309 412 120.79.48.160:8080
201308 412 116.196.85.150:3128
201345 412 61.163.32.88:3128
201312 412 58.251.235.71:9797
201322 412 39.106.205.147:8085
201362 412 61.176.223.8:30125
201321 412 58.220.95.32:10174
201354 412 221.180.170.104:8080
201358 412 39.137.69.10:8080
201351 412 47.75.161.251:80
201355 412 123.56.161.63:80
201319 412 39.137.69.9:8080
201339 412 47.106.162.218:80
201316 412 58.87.76.102:3128
201350 412 39.137.69.7:8080
201342 412 121.8.98.197:80
201337 412 58.220.95.35:10174
201357 412 112.95.27.172:8088
201347 412 221.182.31.54:8080
201326 412 101.4.136.34:81
201331 412 120.79.48.160:8080
201367 412 61.163.32.88:3128
201330 412 116.196.85.150:3128
201346 412 139.196.93.30:8081
201327 412 39.137.69.6:80
201344 412 39.106.205.147:8085
201334 412 58.251.235.71:9797
201343 412 58.220.95.32:10174
201380 412 39.137.69.10:8080
201376 412 221.180.170.104:8080
201373 412 47.75.161.251:80
201384 412 61.176.223.8:30125
201361 412 47.106.162.218:80
201377 412 123.56.161.63:80
201338 412 58.87.76.102:3128
201348 412 101.4.136.34:81
201359 412 58.220.95.35:10174
201379 412 112.95.27.172:8088
201372 412 39.137.69.7:8080
201341 412 39.137.69.9:8080
201389 412 61.163.32.88:3128
201364 412 121.8.98.197:80
201353 412 120.79.48.160:8080
201369 412 221.182.31.54:8080
201349 412 39.137.69.6:80
201368 412 139.196.93.30:8081
201366 412 39.106.205.147:8085
201356 412 58.251.235.71:9797
201352 412 116.196.85.150:3128
201398 412 221.180.170.104:8080
201402 412 39.137.69.10:8080
201365 412 58.220.95.32:10174
201406 412 61.176.223.8:30125
201360 412 58.87.76.102:3128
201383 412 47.106.162.218:80
201395 412 47.75.161.251:80
201370 412 101.4.136.34:81
201390 412 139.196.93.30:8081
201363 412 39.137.69.9:8080
201388 412 39.106.205.147:8085
201381 412 58.220.95.35:10174
201394 412 39.137.69.7:8080
201375 412 120.79.48.160:8080
201401 412 112.95.27.172:8088
201371 412 39.137.69.6:80
201399 412 123.56.161.63:80
201374 412 116.196.85.150:3128
201378 412 58.251.235.71:9797
201386 412 121.8.98.197:80
201411 412 61.163.32.88:3128
201391 412 221.182.31.54:8080
201387 412 58.220.95.32:10174
201420 412 221.180.170.104:8080
201428 412 61.176.223.8:30125
201382 412 58.87.76.102:3128
201424 412 39.137.69.10:8080
201405 412 47.106.162.218:80
201417 412 47.75.161.251:80
201385 412 39.137.69.9:8080
201392 412 101.4.136.34:81
201393 412 39.137.69.6:80
201412 412 139.196.93.30:8081
201396 412 116.196.85.150:3128
201400 412 58.251.235.71:9797
201421 412 123.56.161.63:80
201416 412 39.137.69.7:8080
201397 412 120.79.48.160:8080
201408 412 121.8.98.197:80
201433 412 61.163.32.88:3128
201410 412 39.106.205.147:8085
201423 412 112.95.27.172:8088
201403 412 58.220.95.35:10174
201413 412 221.182.31.54:8080
201442 412 221.180.170.104:8080
201409 412 58.220.95.32:10174
201450 412 61.176.223.8:30125
201446 412 39.137.69.10:8080
201439 412 47.75.161.251:80
201427 412 47.106.162.218:80
201404 412 58.87.76.102:3128
201407 412 39.137.69.9:8080
201415 412 39.137.69.6:80
201434 412 139.196.93.30:8081
201414 412 101.4.136.34:81
201418 412 116.196.85.150:3128
201438 412 39.137.69.7:8080
201445 412 112.95.27.172:8088
201455 412 61.163.32.88:3128
201443 412 123.56.161.63:80
201425 412 58.220.95.35:10174
201419 412 120.79.48.160:8080
201432 412 39.106.205.147:8085
201422 412 58.251.235.71:9797
201430 412 121.8.98.197:80
201464 412 221.180.170.104:8080
201435 412 221.182.31.54:8080
201431 412 58.220.95.32:10174
201472 412 61.176.223.8:30125
201468 412 39.137.69.10:8080
201449 412 47.106.162.218:80
201461 412 47.75.161.251:80
201426 412 58.87.76.102:3128
201437 412 39.137.69.6:80
201429 412 39.137.69.9:8080
201440 412 116.196.85.150:3128
201456 412 139.196.93.30:8081
201460 412 39.137.69.7:8080
201465 412 123.56.161.63:80
201467 412 112.95.27.172:8088
201441 412 120.79.48.160:8080
201444 412 58.251.235.71:9797
201477 412 61.163.32.88:3128
201453 412 58.220.95.32:10174
201454 412 39.106.205.147:8085
201452 412 121.8.98.197:80
201486 412 221.180.170.104:8080
201447 412 58.220.95.35:10174
201457 412 221.182.31.54:8080
201494 412 61.176.223.8:30125
201490 412 39.137.69.10:8080
201471 412 47.106.162.218:80
201483 412 47.75.161.251:80
201448 412 58.87.76.102:3128
201436 412 101.4.136.34:81
201451 412 39.137.69.9:8080
201459 412 39.137.69.6:80
201482 412 39.137.69.7:8080
201487 412 123.56.161.63:80
201489 412 112.95.27.172:8088
201478 412 139.196.93.30:8081
201462 412 116.196.85.150:3128
201463 412 120.79.48.160:8080
201466 412 58.251.235.71:9797
201479 412 221.182.31.54:8080
201475 412 58.220.95.32:10174
201499 412 61.163.32.88:3128
201508 412 221.180.170.104:8080
201469 412 58.220.95.35:10174
201516 412 61.176.223.8:30125
201476 412 39.106.205.147:8085
201512 412 39.137.69.10:8080
201493 412 47.106.162.218:80
201505 412 47.75.161.251:80
201470 412 58.87.76.102:3128
201458 412 101.4.136.34:81
200758 412 116.196.85.150:3128
200757 412 47.75.161.251:80
200756 412 39.137.69.7:8080
200759 412 120.79.48.160:8080
200751 412 61.163.32.88:3128
200749 412 58.220.95.32:10174
200744 412 58.87.76.102:3128
200745 412 47.106.162.218:80
200747 412 39.137.69.9:8080
200750 412 39.106.205.147:8085
200747 412 139.196.93.30:8081
200744 412 61.176.223.8:30125
200749 412 101.4.136.34:81
200746 412 121.8.98.197:80
200752 412 123.56.161.63:80
200750 412 39.137.69.6:80
200753 412 58.251.235.71:9797
200754 412 112.95.27.172:8088
200745 412 39.137.69.9:8080
200755 412 58.220.95.35:10174
200748 412 221.182.31.54:8080
200751 412 221.180.170.104:8080
200756 412 61.176.223.8:30125
200759 412 139.196.93.30:8081
200761 412 101.4.136.34:81
200762 412 39.137.69.6:80
200764 412 123.56.161.63:80
200758 412 121.8.98.197:80
200757 412 39.137.69.9:8080
200763 412 221.180.170.104:8080
200766 412 112.95.27.172:8088
200760 412 221.182.31.54:8080
200767 412 58.220.95.35:10174
200765 412 58.251.235.71:9797
200773 412 101.4.136.34:81
200771 412 139.196.93.30:8081
200768 412 61.176.223.8:30125
200774 412 39.137.69.6:80
200776 412 123.56.161.63:80
200775 412 221.180.170.104:8080
200778 412 112.95.27.172:8088
200769 412 39.137.69.9:8080
200777 412 58.251.235.71:9797
200779 412 58.220.95.35:10174
200772 412 221.182.31.54:8080
200770 412 121.8.98.197:80
200785 412 101.4.136.34:81
200786 412 39.137.69.6:80
200783 412 139.196.93.30:8081
200780 412 61.176.223.8:30125
200781 412 39.137.69.9:8080
200790 412 112.95.27.172:8088
200789 412 58.251.235.71:9797
200788 412 123.56.161.63:80
200782 412 121.8.98.197:80
200784 412 221.182.31.54:8080
200787 412 221.180.170.104:8080
200791 412 58.220.95.35:10174
200798 412 39.137.69.6:80
200795 412 139.196.93.30:8081
200797 412 101.4.136.34:81
200792 412 61.176.223.8:30125
200796 412 221.182.31.54:8080
200794 412 121.8.98.197:80
200800 412 123.56.161.63:80
200802 412 112.95.27.172:8088
200793 412 39.137.69.9:8080
200799 412 221.180.170.104:8080
200801 412 58.251.235.71:9797
200803 412 58.220.95.35:10174
200810 412 39.137.69.6:80
200807 412 139.196.93.30:8081
200808 412 221.182.31.54:8080
200806 412 121.8.98.197:80
200811 412 221.180.170.104:8080
200804 412 61.176.223.8:30125
200814 412 112.95.27.172:8088
200813 412 58.251.235.71:9797
200815 412 58.220.95.35:10174
200805 412 39.137.69.9:8080
200809 412 101.4.136.34:81
200812 412 123.56.161.63:80
200822 412 39.137.69.6:80
200819 412 139.196.93.30:8081
200820 412 221.182.31.54:8080
200818 412 121.8.98.197:80
200816 412 61.176.223.8:30125
200825 412 58.251.235.71:9797
200824 412 123.56.161.63:80
200817 412 39.137.69.9:8080
200823 412 221.180.170.104:8080
200826 412 112.95.27.172:8088
200827 412 58.220.95.35:10174
200821 412 101.4.136.34:81
200831 412 139.196.93.30:8081
200834 412 39.137.69.6:80
200832 412 221.182.31.54:8080
200830 412 121.8.98.197:80
200828 412 61.176.223.8:30125
200837 412 58.251.235.71:9797
200833 412 101.4.136.34:81
200835 412 221.180.170.104:8080
200839 412 58.220.95.35:10174
200836 412 123.56.161.63:80
200829 412 39.137.69.9:8080
200838 412 112.95.27.172:8088
200844 412 221.182.31.54:8080
200846 412 39.137.69.6:80
200843 412 139.196.93.30:8081
200842 412 121.8.98.197:80
200840 412 61.176.223.8:30125
200847 412 221.180.170.104:8080
200845 412 101.4.136.34:81
200849 412 58.251.235.71:9797
200850 412 112.95.27.172:8088
200841 412 39.137.69.9:8080
200848 412 123.56.161.63:80
200851 412 58.220.95.35:10174
200856 412 221.182.31.54:8080
200855 412 139.196.93.30:8081
200858 412 39.137.69.6:80
200854 412 121.8.98.197:80
200852 412 61.176.223.8:30125
200859 412 221.180.170.104:8080
200857 412 101.4.136.34:81
200863 412 58.220.95.35:10174
200862 412 112.95.27.172:8088
200861 412 58.251.235.71:9797
200853 412 39.137.69.9:8080
200860 412 123.56.161.63:80
200868 412 221.182.31.54:8080
200867 412 139.196.93.30:8081
200864 412 61.176.223.8:30125
200866 412 121.8.98.197:80
200870 412 39.137.69.6:80
200871 412 221.180.170.104:8080
200874 412 112.95.27.172:8088
200875 412 58.220.95.35:10174
200869 412 101.4.136.34:81
200865 412 39.137.69.9:8080
200873 412 58.251.235.71:9797
200872 412 123.56.161.63:80
200880 412 221.182.31.54:8080
200879 412 139.196.93.30:8081
200886 412 112.95.27.172:8088
200881 412 101.4.136.34:81
200878 412 121.8.98.197:80
200882 412 39.137.69.6:80
200883 412 221.180.170.104:8080
200876 412 61.176.223.8:30125
200887 412 58.220.95.35:10174
200885 412 58.251.235.71:9797
200877 412 39.137.69.9:8080
200884 412 123.56.161.63:80
200892 412 221.182.31.54:8080
200898 412 112.95.27.172:8088
200891 412 139.196.93.30:8081
200895 412 221.180.170.104:8080
200888 412 61.176.223.8:30125
200896 412 123.56.161.63:80
200897 412 58.251.235.71:9797
200893 412 101.4.136.34:81
200894 412 39.137.69.6:80
200890 412 121.8.98.197:80
200899 412 58.220.95.35:10174
200889 412 39.137.69.9:8080
200903 412 139.196.93.30:8081
200910 412 112.95.27.172:8088
200904 412 221.182.31.54:8080
200907 412 221.180.170.104:8080
200906 412 39.137.69.6:80
200908 412 123.56.161.63:80
200901 412 39.137.69.9:8080
200911 412 58.220.95.35:10174
200900 412 61.176.223.8:30125
200909 412 58.251.235.71:9797
200902 412 121.8.98.197:80
200905 412 101.4.136.34:81
200915 412 139.196.93.30:8081
200916 412 221.182.31.54:8080
200919 412 221.180.170.104:8080
200922 412 112.95.27.172:8088
200918 412 39.137.69.6:80
200920 412 123.56.161.63:80
200912 412 61.176.223.8:30125
200913 412 39.137.69.9:8080
200917 412 101.4.136.34:81
200914 412 121.8.98.197:80
200921 412 58.251.235.71:9797
200923 412 58.220.95.35:10174
200927 412 139.196.93.30:8081
200928 412 221.182.31.54:8080
200931 412 221.180.170.104:8080
200934 412 112.95.27.172:8088
200924 412 61.176.223.8:30125
200932 412 123.56.161.63:80
200929 412 101.4.136.34:81
200930 412 39.137.69.6:80
200925 412 39.137.69.9:8080
200926 412 121.8.98.197:80
200935 412 58.220.95.35:10174
200933 412 58.251.235.71:9797
200939 412 139.196.93.30:8081
200940 412 221.182.31.54:8080
200946 412 112.95.27.172:8088
200943 412 221.180.170.104:8080
200936 412 61.176.223.8:30125
200944 412 123.56.161.63:80
200947 412 58.220.95.35:10174
200941 412 101.4.136.34:81
200937 412 39.137.69.9:8080
200942 412 39.137.69.6:80
200945 412 58.251.235.71:9797
200938 412 121.8.98.197:80
200951 412 139.196.93.30:8081
200952 412 221.182.31.54:8080
200958 412 112.95.27.172:8088
200948 412 61.176.223.8:30125
200955 412 221.180.170.104:8080
200949 412 39.137.69.9:8080
200953 412 101.4.136.34:81
200956 412 123.56.161.63:80
200959 412 58.220.95.35:10174
200954 412 39.137.69.6:80
200957 412 58.251.235.71:9797
200950 412 121.8.98.197:80
200963 412 139.196.93.30:8081
200964 412 221.182.31.54:8080
200960 412 61.176.223.8:30125
200970 412 112.95.27.172:8088
200967 412 221.180.170.104:8080
200965 412 101.4.136.34:81
200966 412 39.137.69.6:80
200968 412 123.56.161.63:80
200971 412 58.220.95.35:10174
200961 412 39.137.69.9:8080
200962 412 121.8.98.197:80
200969 412 58.251.235.71:9797
200975 412 139.196.93.30:8081
200976 412 221.182.31.54:8080
200972 412 61.176.223.8:30125
200979 412 221.180.170.104:8080
200978 412 39.137.69.6:80
200982 412 112.95.27.172:8088
200973 412 39.137.69.9:8080
200983 412 58.220.95.35:10174
200977 412 101.4.136.34:81
200980 412 123.56.161.63:80
200974 412 121.8.98.197:80
200981 412 58.251.235.71:9797
200984 412 61.176.223.8:30125
200987 412 139.196.93.30:8081
200988 412 221.182.31.54:8080
200990 412 39.137.69.6:80
200991 412 221.180.170.104:8080
200985 412 39.137.69.9:8080
200989 412 101.4.136.34:81
200994 412 112.95.27.172:8088
200995 412 58.220.95.35:10174
200993 412 58.251.235.71:9797
200992 412 123.56.161.63:80
200986 412 121.8.98.197:80
200999 412 139.196.93.30:8081
201000 412 221.182.31.54:8080
201002 412 39.137.69.6:80
201003 412 221.180.170.104:8080
200997 412 39.137.69.9:8080
200996 412 61.176.223.8:30125
201006 412 112.95.27.172:8088
201007 412 58.220.95.35:10174
201001 412 101.4.136.34:81
201005 412 58.251.235.71:9797
201004 412 123.56.161.63:80
200998 412 121.8.98.197:80
201015 412 221.180.170.104:8080
201011 412 139.196.93.30:8081
201019 412 58.220.95.35:10174
201018 412 112.95.27.172:8088
201009 412 39.137.69.9:8080
201014 412 39.137.69.6:80
201013 412 101.4.136.34:81
201012 412 221.182.31.54:8080
201008 412 61.176.223.8:30125
201010 412 121.8.98.197:80
201017 412 58.251.235.71:9797
201016 412 123.56.161.63:80
201023 412 139.196.93.30:8081
201027 412 221.180.170.104:8080
201031 412 58.220.95.35:10174
201030 412 112.95.27.172:8088
201026 412 39.137.69.6:80
201021 412 39.137.69.9:8080
201020 412 61.176.223.8:30125
201024 412 221.182.31.54:8080
201028 412 123.56.161.63:80
201029 412 58.251.235.71:9797
201025 412 101.4.136.34:81
201022 412 121.8.98.197:80
201035 412 139.196.93.30:8081
201039 412 221.180.170.104:8080
201043 412 58.220.95.35:10174
201041 412 58.251.235.71:9797
201032 412 61.176.223.8:30125
201042 412 112.95.27.172:8088
201033 412 39.137.69.9:8080
201038 412 39.137.69.6:80
201040 412 123.56.161.63:80
201034 412 121.8.98.197:80
201036 412 221.182.31.54:8080
201037 412 101.4.136.34:81
201047 412 139.196.93.30:8081
201055 412 58.220.95.35:10174
201051 412 221.180.170.104:8080
201053 412 58.251.235.71:9797
201050 412 39.137.69.6:80
201045 412 39.137.69.9:8080
201054 412 112.95.27.172:8088
201046 412 121.8.98.197:80
201044 412 61.176.223.8:30125
201052 412 123.56.161.63:80
201049 412 101.4.136.34:81
201048 412 221.182.31.54:8080
201067 412 58.220.95.35:10174
201065 412 58.251.235.71:9797
201058 412 121.8.98.197:80
201063 412 221.180.170.104:8080
201062 412 39.137.69.6:80
201059 412 139.196.93.30:8081
201060 412 221.182.31.54:8080
201056 412 61.176.223.8:30125
201061 412 101.4.136.34:81
201066 412 112.95.27.172:8088
201057 412 39.137.69.9:8080
201064 412 123.56.161.63:80
201079 412 58.220.95.35:10174
201077 412 58.251.235.71:9797
201074 412 39.137.69.6:80
201075 412 221.180.170.104:8080
201071 412 139.196.93.30:8081
201070 412 121.8.98.197:80
201072 412 221.182.31.54:8080
201073 412 101.4.136.34:81
201068 412 61.176.223.8:30125
201078 412 112.95.27.172:8088
201069 412 39.137.69.9:8080
201076 412 123.56.161.63:80
201091 412 58.220.95.35:10174
201089 412 58.251.235.71:9797
201086 412 39.137.69.6:80
201083 412 139.196.93.30:8081
201087 412 221.180.170.104:8080
201082 412 121.8.98.197:80
201084 412 221.182.31.54:8080
201085 412 101.4.136.34:81
201090 412 112.95.27.172:8088
201081 412 39.137.69.9:8080
201088 412 123.56.161.63:80
201080 412 61.176.223.8:30125
201103 412 58.220.95.35:10174
201101 412 58.251.235.71:9797
201098 412 39.137.69.6:80
201095 412 139.196.93.30:8081
201102 412 112.95.27.172:8088
201093 412 39.137.69.9:8080
201099 412 221.180.170.104:8080
201100 412 123.56.161.63:80
201097 412 101.4.136.34:81
201096 412 221.182.31.54:8080
201094 412 121.8.98.197:80
201092 412 61.176.223.8:30125
201115 412 58.220.95.35:10174
201113 412 58.251.235.71:9797
201114 412 112.95.27.172:8088
201110 412 39.137.69.6:80
201111 412 221.180.170.104:8080
201107 412 139.196.93.30:8081
201106 412 121.8.98.197:80
201109 412 101.4.136.34:81
201104 412 61.176.223.8:30125
201108 412 221.182.31.54:8080
201105 412 39.137.69.9:8080
201112 412 123.56.161.63:80
201127 412 58.220.95.35:10174
201122 412 39.137.69.6:80
201123 412 221.180.170.104:8080
201125 412 58.251.235.71:9797
201126 412 112.95.27.172:8088
201119 412 139.196.93.30:8081
201118 412 121.8.98.197:80
201121 412 101.4.136.34:81
201117 412 39.137.69.9:8080
201120 412 221.182.31.54:8080
201124 412 123.56.161.63:80
201116 412 61.176.223.8:30125
201139 412 58.220.95.35:10174
201137 412 58.251.235.71:9797
201134 412 39.137.69.6:80
201138 412 112.95.27.172:8088
201131 412 139.196.93.30:8081
201135 412 221.180.170.104:8080
201130 412 121.8.98.197:80
201133 412 101.4.136.34:81
201129 412 39.137.69.9:8080
201132 412 221.182.31.54:8080
201136 412 123.56.161.63:80
201128 412 61.176.223.8:30125
201149 412 58.251.235.71:9797
201151 412 58.220.95.35:10174
201142 412 121.8.98.197:80
201143 412 139.196.93.30:8081
201146 412 39.137.69.6:80
201147 412 221.180.170.104:8080
201150 412 112.95.27.172:8088
201145 412 101.4.136.34:81
201148 412 123.56.161.63:80
201141 412 39.137.69.9:8080
201140 412 61.176.223.8:30125
201144 412 221.182.31.54:8080
201161 412 58.251.235.71:9797
201154 412 121.8.98.197:80
201163 412 58.220.95.35:10174
201155 412 139.196.93.30:8081
201158 412 39.137.69.6:80
201162 412 112.95.27.172:8088
201159 412 221.180.170.104:8080
201160 412 123.56.161.63:80
201153 412 39.137.69.9:8080
201157 412 101.4.136.34:81
201156 412 221.182.31.54:8080
201152 412 61.176.223.8:30125
201173 412 58.251.235.71:9797
201166 412 121.8.98.197:80
200744 412 61.176.223.8:30125
200749 412 101.4.136.34:81
200746 412 121.8.98.197:80
200752 412 58.251.235.71:9797
200748 412 221.182.31.54:8080
200751 412 123.56.161.63:80
200747 412 139.196.93.30:8081
200754 412 58.220.95.35:10174
200753 412 112.95.27.172:8088
200750 412 39.137.69.6:80
200745 412 39.137.69.9:8080
