16 16
6130 7371 2629 5284 8901 1864 4378 6627 7839 1331 1587 9292 8065 2675 9719 1983 
6282 4356 8567 3433 7714 8789 1907 2854 4568 4079 8098 4164 3423 8024 8769 5930 
8436 1575 395 7753 739 3000 2506 6561 266 8242 2413 9255 8702 1032 6186 9445 
1037 1469 854 7058 3620 1723 6483 4708 8690 6933 8025 3892 4172 587 5593 625 
2738 5230 1965 6792 7218 3765 2164 5746 204 6832 6029 765 5558 3675 4177 9184 
9041 6901 9974 6954 859 849 833 2634 7798 1212 1131 7252 1752 5009 9784 546 
5541 9161 5828 7897 42 8935 2751 9710 332 5107 9371 6745 8065 1125 2019 2712 
3948 1269 8430 1655 8623 3392 4868 9551 4715 1102 288 1052 1164 1713 6567 2052 
1491 9312 2344 1573 9284 9253 228 7070 6385 6196 1248 656 6790 942 6296 5702 
1400 5845 9975 1939 5095 3616 9525 843 4251 3137 8543 2645 3006 7093 3885 2895 
4454 1211 4816 2707 7846 6969 3275 7208 9477 2811 6179 6508 2367 3886 4618 3521 
1787 8716 1928 2965 2365 4521 6763 1591 2125 7278 8049 8230 712 1811 6243 524 
276 3810 8421 1195 5930 5833 1595 903 5471 1088 9486 1620 1027 2220 5614 8465 
6415 5860 7322 4902 9816 7842 9567 1034 4345 4764 1134 6247 7776 9732 9169 2082 
4023 2876 206 7478 7638 2798 1452 320 2215 6747 4966 9393 9066 2482 6175 4223 
5803 1139 8293 1229 5200 1285 1944 2572 5063 5797 4765 6753 8832 1760 6446 8873 
