1000
9 10
8 10
7 10
6 10
5 10
4 10
3 10
2 10
1 10
19 20
18 20
17 20
16 20
15 20
14 20
13 20
12 20
11 20
20 10
29 30
28 30
27 30
26 30
25 30
24 30
23 30
22 30
21 30
30 20
39 40
38 40
37 40
36 40
35 40
34 40
33 40
32 40
31 40
40 30
49 50
48 50
47 50
46 50
45 50
44 50
43 50
42 50
41 50
50 40
59 60
58 60
57 60
56 60
55 60
54 60
53 60
52 60
51 60
60 50
69 70
68 70
67 70
66 70
65 70
64 70
63 70
62 70
61 70
70 60
79 80
78 80
77 80
76 80
75 80
74 80
73 80
72 80
71 80
80 70
89 90
88 90
87 90
86 90
85 90
84 90
83 90
82 90
81 90
90 80
99 100
98 100
97 100
96 100
95 100
94 100
93 100
92 100
91 100
100 90
109 110
108 110
107 110
106 110
105 110
104 110
103 110
102 110
101 110
110 100
119 120
118 120
117 120
116 120
115 120
114 120
113 120
112 120
111 120
120 110
129 130
128 130
127 130
126 130
125 130
124 130
123 130
122 130
121 130
130 120
139 140
138 140
137 140
136 140
135 140
134 140
133 140
132 140
131 140
140 130
149 150
148 150
147 150
146 150
145 150
144 150
143 150
142 150
141 150
150 140
159 160
158 160
157 160
156 160
155 160
154 160
153 160
152 160
151 160
160 150
169 170
168 170
167 170
166 170
165 170
164 170
163 170
162 170
161 170
170 160
179 180
178 180
177 180
176 180
175 180
174 180
173 180
172 180
171 180
180 170
189 190
188 190
187 190
186 190
185 190
184 190
183 190
182 190
181 190
190 180
199 200
198 200
197 200
196 200
195 200
194 200
193 200
192 200
191 200
200 190
209 210
208 210
207 210
206 210
205 210
204 210
203 210
202 210
201 210
210 200
219 220
218 220
217 220
216 220
215 220
214 220
213 220
212 220
211 220
220 210
229 230
228 230
227 230
226 230
225 230
224 230
223 230
222 230
221 230
230 220
239 240
238 240
237 240
236 240
235 240
234 240
233 240
232 240
231 240
240 230
249 250
248 250
247 250
246 250
245 250
244 250
243 250
242 250
241 250
250 240
259 260
258 260
257 260
256 260
255 260
254 260
253 260
252 260
251 260
260 250
269 270
268 270
267 270
266 270
265 270
264 270
263 270
262 270
261 270
270 260
279 280
278 280
277 280
276 280
275 280
274 280
273 280
272 280
271 280
280 270
289 290
288 290
287 290
286 290
285 290
284 290
283 290
282 290
281 290
290 280
299 300
298 300
297 300
296 300
295 300
294 300
293 300
292 300
291 300
300 290
309 310
308 310
307 310
306 310
305 310
304 310
303 310
302 310
301 310
310 300
319 320
318 320
317 320
316 320
315 320
314 320
313 320
312 320
311 320
320 310
329 330
328 330
327 330
326 330
325 330
324 330
323 330
322 330
321 330
330 320
339 340
338 340
337 340
336 340
335 340
334 340
333 340
332 340
331 340
340 330
349 350
348 350
347 350
346 350
345 350
344 350
343 350
342 350
341 350
350 340
359 360
358 360
357 360
356 360
355 360
354 360
353 360
352 360
351 360
360 350
369 370
368 370
367 370
366 370
365 370
364 370
363 370
362 370
361 370
370 360
379 380
378 380
377 380
376 380
375 380
374 380
373 380
372 380
371 380
380 370
389 390
388 390
387 390
386 390
385 390
384 390
383 390
382 390
381 390
390 380
399 400
398 400
397 400
396 400
395 400
394 400
393 400
392 400
391 400
400 390
409 410
408 410
407 410
406 410
405 410
404 410
403 410
402 410
401 410
410 400
419 420
418 420
417 420
416 420
415 420
414 420
413 420
412 420
411 420
420 410
429 430
428 430
427 430
426 430
425 430
424 430
423 430
422 430
421 430
430 420
439 440
438 440
437 440
436 440
435 440
434 440
433 440
432 440
431 440
440 430
449 450
448 450
447 450
446 450
445 450
444 450
443 450
442 450
441 450
450 440
459 460
458 460
457 460
456 460
455 460
454 460
453 460
452 460
451 460
460 450
469 470
468 470
467 470
466 470
465 470
464 470
463 470
462 470
461 470
470 460
479 480
478 480
477 480
476 480
475 480
474 480
473 480
472 480
471 480
480 470
489 490
488 490
487 490
486 490
485 490
484 490
483 490
482 490
481 490
490 480
499 500
498 500
497 500
496 500
495 500
494 500
493 500
492 500
491 500
500 490
509 510
508 510
507 510
506 510
505 510
504 510
503 510
502 510
501 510
510 500
519 520
518 520
517 520
516 520
515 520
514 520
513 520
512 520
511 520
520 510
529 530
528 530
527 530
526 530
525 530
524 530
523 530
522 530
521 530
530 520
539 540
538 540
537 540
536 540
535 540
534 540
533 540
532 540
531 540
540 530
549 550
548 550
547 550
546 550
545 550
544 550
543 550
542 550
541 550
550 540
559 560
558 560
557 560
556 560
555 560
554 560
553 560
552 560
551 560
560 550
569 570
568 570
567 570
566 570
565 570
564 570
563 570
562 570
561 570
570 560
579 580
578 580
577 580
576 580
575 580
574 580
573 580
572 580
571 580
580 570
589 590
588 590
587 590
586 590
585 590
584 590
583 590
582 590
581 590
590 580
599 600
598 600
597 600
596 600
595 600
594 600
593 600
592 600
591 600
600 590
609 610
608 610
607 610
606 610
605 610
604 610
603 610
602 610
601 610
610 600
619 620
618 620
617 620
616 620
615 620
614 620
613 620
612 620
611 620
620 610
629 630
628 630
627 630
626 630
625 630
624 630
623 630
622 630
621 630
630 620
639 640
638 640
637 640
636 640
635 640
634 640
633 640
632 640
631 640
640 630
649 650
648 650
647 650
646 650
645 650
644 650
643 650
642 650
641 650
650 640
659 660
658 660
657 660
656 660
655 660
654 660
653 660
652 660
651 660
660 650
669 670
668 670
667 670
666 670
665 670
664 670
663 670
662 670
661 670
670 660
679 680
678 680
677 680
676 680
675 680
674 680
673 680
672 680
671 680
680 670
689 690
688 690
687 690
686 690
685 690
684 690
683 690
682 690
681 690
690 680
699 700
698 700
697 700
696 700
695 700
694 700
693 700
692 700
691 700
700 690
709 710
708 710
707 710
706 710
705 710
704 710
703 710
702 710
701 710
710 700
719 720
718 720
717 720
716 720
715 720
714 720
713 720
712 720
711 720
720 710
729 730
728 730
727 730
726 730
725 730
724 730
723 730
722 730
721 730
730 720
739 740
738 740
737 740
736 740
735 740
734 740
733 740
732 740
731 740
740 730
749 750
748 750
747 750
746 750
745 750
744 750
743 750
742 750
741 750
750 740
759 760
758 760
757 760
756 760
755 760
754 760
753 760
752 760
751 760
760 750
769 770
768 770
767 770
766 770
765 770
764 770
763 770
762 770
761 770
770 760
779 780
778 780
777 780
776 780
775 780
774 780
773 780
772 780
771 780
780 770
789 790
788 790
787 790
786 790
785 790
784 790
783 790
782 790
781 790
790 780
799 800
798 800
797 800
796 800
795 800
794 800
793 800
792 800
791 800
800 790
809 810
808 810
807 810
806 810
805 810
804 810
803 810
802 810
801 810
810 800
819 820
818 820
817 820
816 820
815 820
814 820
813 820
812 820
811 820
820 810
829 830
828 830
827 830
826 830
825 830
824 830
823 830
822 830
821 830
830 820
839 840
838 840
837 840
836 840
835 840
834 840
833 840
832 840
831 840
840 830
849 850
848 850
847 850
846 850
845 850
844 850
843 850
842 850
841 850
850 840
859 860
858 860
857 860
856 860
855 860
854 860
853 860
852 860
851 860
860 850
869 870
868 870
867 870
866 870
865 870
864 870
863 870
862 870
861 870
870 860
879 880
878 880
877 880
876 880
875 880
874 880
873 880
872 880
871 880
880 870
889 890
888 890
887 890
886 890
885 890
884 890
883 890
882 890
881 890
890 880
899 900
898 900
897 900
896 900
895 900
894 900
893 900
892 900
891 900
900 890
909 910
908 910
907 910
906 910
905 910
904 910
903 910
902 910
901 910
910 900
919 920
918 920
917 920
916 920
915 920
914 920
913 920
912 920
911 920
920 910
929 930
928 930
927 930
926 930
925 930
924 930
923 930
922 930
921 930
930 920
939 940
938 940
937 940
936 940
935 940
934 940
933 940
932 940
931 940
940 930
949 950
948 950
947 950
946 950
945 950
944 950
943 950
942 950
941 950
950 940
959 960
958 960
957 960
956 960
955 960
954 960
953 960
952 960
951 960
960 950
969 970
968 970
967 970
966 970
965 970
964 970
963 970
962 970
961 970
970 960
979 980
978 980
977 980
976 980
975 980
974 980
973 980
972 980
971 980
980 970
989 990
988 990
987 990
986 990
985 990
984 990
983 990
982 990
981 990
990 980
999 1000
998 1000
997 1000
996 1000
995 1000
994 1000
993 1000
992 1000
991 1000
1000 990
