444
8 17
9 18
10 12
13 17
13 15
15 16
10 18
10 16
8 13
11 15
15 17
15 16
13 15
12 18
11 16
8 14
16 18
8 18
9 18
8 11
15 17
8 16
8 14
12 16
8 13
15 16
9 13
10 14
14 17
9 17
14 18
14 18
16 17
10 12
14 15
8 14
8 14
9 16
13 17
8 10
12 15
8 14
15 17
13 16
8 11
10 15
11 17
11 14
15 17
10 14
12 17
11 12
13 17
14 17
12 14
13 15
11 12
11 13
12 16
10 11
8 16
9 18
15 18
9 16
12 18
14 17
14 16
9 14
16 17
10 11
9 17
13 14
9 16
8 14
11 18
10 15
9 11
9 10
15 18
15 16
13 16
8 9
8 9
11 17
11 16
14 18
16 18
15 16
8 10
11 16
17 18
8 18
12 13
15 16
14 16
10 11
8 15
11 17
8 14
14 18
11 18
15 16
8 17
8 10
15 18
11 17
11 14
12 13
11 17
14 16
13 16
13 18
13 18
8 9
8 9
13 14
9 14
13 16
9 11
12 16
11 13
12 18
10 14
12 15
8 9
12 15
10 11
9 14
13 17
8 15
13 18
13 16
10 18
11 18
12 17
10 15
8 11
8 17
10 13
11 18
9 14
8 11
10 12
8 10
9 12
15 16
12 17
8 18
8 9
10 14
8 14
15 17
11 16
13 14
14 17
11 15
9 11
12 13
9 10
11 17
10 14
8 11
15 16
13 16
16 18
8 15
10 15
9 17
11 18
9 17
9 12
9 10
11 18
10 13
9 17
8 18
16 18
8 10
9 13
10 16
11 13
14 16
8 15
14 15
12 14
8 17
12 13
12 17
8 13
12 14
13 18
10 16
8 15
16 18
8 18
11 14
16 17
9 12
8 14
16 17
8 14
11 12
10 13
8 17
12 16
10 13
13 15
8 10
8 11
9 18
15 18
11 13
15 17
10 18
8 12
10 11
11 12
12 17
9 15
11 16
14 16
11 12
10 11
16 18
8 16
8 18
16 17
8 13
8 13
9 12
12 17
9 10
12 16
11 18
12 18
14 16
9 11
16 17
10 16
10 17
15 18
8 17
8 9
8 16
11 12
16 17
9 12
13 16
16 17
15 18
9 13
16 18
9 17
8 16
9 16
13 18
13 15
9 18
10 13
16 17
12 16
8 15
13 15
10 11
15 16
9 15
8 16
13 18
10 11
8 16
11 16
10 16
10 17
9 14
8 11
9 10
12 17
9 13
8 12
12 15
11 16
8 9
9 17
11 13
9 12
15 17
12 14
12 14
10 18
11 15
12 17
15 18
9 11
9 17
8 13
9 13
8 17
11 18
11 17
10 17
9 18
9 14
11 18
14 16
11 13
8 12
9 14
8 15
13 18
10 12
10 16
10 12
10 15
8 17
9 11
12 14
9 17
15 17
9 15
8 15
14 18
17 18
13 15
15 18
11 16
10 12
10 14
13 18
9 12
9 10
10 18
8 11
10 15
10 12
8 17
10 15
8 15
10 17
8 15
9 18
12 14
11 18
9 15
12 17
11 12
13 16
9 13
13 15
13 14
14 15
14 16
10 15
8 11
10 15
8 18
9 10
12 18
11 16
9 12
9 15
9 18
11 12
13 15
15 18
9 12
11 14
11 12
10 14
8 17
16 18
10 18
12 15
10 14
10 16
11 12
9 15
10 16
8 17
9 17
8 10
15 17
10 16
12 14
14 15
11 13
9 16
11 13
12 16
8 9
13 16
8 17
10 13
14 17
15 17
8 12
11 18
10 11
8 11
9 18
11 13
8 14
8 14
12 13
9 12
14 18
11 18
14 16
9 15
16 18
10 15
9 17
8 9
11 15
17 18
10 18
13 14
8 15
8 14
10 16
12 18
12 13
13 17
11 14
15 16
16 18
13 18
12 13
17 18
13 15
11 12
14 17
13 17
10 17
8 18
8 17
14 15
9 10
11 12
13 18
8 13
10 11
14 16
14 15
12 13