100
15 18
14 15
12 13
10 16
8 11
11 12
9 15
11 14
8 15
8 10
16 18
13 14
14 18
9 12
8 16
10 12
8 16
16 17
13 17
9 12
8 14
9 18
17 18
17 18
12 13
8 15
8 9
12 18
13 14
12 15
11 16
10 14
10 17
8 16
13 15
10 11
8 13
14 16
9 10
9 15
8 9
12 16
14 17
12 15
17 18
11 13
15 18
10 15
8 12
14 17
10 12
11 13
12 15
9 13
8 15
13 18
8 15
14 15
11 16
10 12
11 17
13 15
9 14
13 16
11 17
8 13
11 18
13 16
8 14
9 13
15 17
10 12
8 16
14 16
10 12
9 13
8 15
12 16
10 18
13 16
15 16
15 18
9 15
10 11
13 14
13 18
9 15
8 16
9 12
9 17
8 15
13 18
13 17
11 18
10 15
9 16
8 18
9 10
10 16
11 13