462
10 13
16 18
9 18
10 15
15 18
17 18
9 10
15 16
9 14
10 12
15 18
8 12
12 14
16 18
10 13
9 18
12 17
11 12
13 16
9 11
8 10
16 18
14 16
8 14
9 11
11 15
10 14
11 15
10 12
12 17
9 11
15 17
12 18
15 16
8 17
12 15
9 14
11 15
17 18
9 16
9 13
10 18
8 11
11 13
9 10
9 10
15 17
15 18
12 13
13 17
11 17
11 15
11 13
8 14
12 18
9 18
12 17
17 18
9 14
11 15
9 11
9 15
13 18
8 13
10 14
9 12
9 15
9 11
13 17
13 16
11 15
10 14
12 18
12 14
10 12
11 13
13 18
10 13
15 18
11 17
14 18
13 14
15 16
9 14
9 12
8 17
10 15
8 17
12 16
9 12
14 17
13 17
11 13
9 10
16 17
9 15
9 13
11 13
10 13
10 12
15 18
8 18
8 12
13 18
10 11
8 16
15 17
8 14
9 14
15 16
13 16
16 18
10 17
8 15
8 12
11 18
8 9
10 14
11 13
11 13
9 11
8 16
16 17
8 15
13 16
13 15
8 15
10 18
14 16
14 16
17 18
13 18
10 12
9 13
13 14
10 18
9 17
10 11
13 16
10 18
16 18
8 17
12 18
12 18
13 18
8 13
12 16
12 14
8 15
14 18
15 17
15 16
10 15
10 14
16 18
14 16
12 13
9 11
12 13
15 18
9 13
12 13
11 15
13 14
11 14
8 9
10 14
8 15
8 10
8 16
8 16
9 11
12 17
14 17
9 11
8 18
11 15
14 16
17 18
14 16
8 12
8 18
11 15
9 14
10 15
15 17
15 16
9 15
16 17
9 11
10 16
9 15
16 18
12 17
9 18
10 13
10 14
14 18
8 17
8 12
13 16
8 12
8 12
14 17
10 11
13 17
12 14
15 17
9 13
12 15
8 9
10 13
17 18
10 17
13 17
8 16
15 17
13 16
11 15
13 17
12 13
9 15
11 13
14 15
9 17
8 14
9 17
15 18
13 14
9 13
17 18
10 11
10 17
15 18
16 18
8 18
12 15
11 18
16 17
11 14
10 18
11 14
8 14
12 16
15 16
11 16
12 16
11 13
10 16
10 12
12 18
12 16
11 15
8 13
8 10
8 14
8 15
8 15
16 17
15 18
8 14
14 18
14 16
8 12
8 17
8 18
10 14
16 18
12 13
8 14
10 13
10 12
14 17
8 13
14 16
9 10
13 14
8 14
12 13
9 12
13 17
8 9
11 13
10 12
14 18
11 15
14 15
16 17
9 12
10 17
12 17
10 12
15 16
16 17
10 18
10 17
8 13
15 18
10 14
12 17
8 9
14 18
11 17
9 16
11 17
10 13
9 18
9 17
9 14
9 14
12 16
14 16
12 15
12 14
12 18
12 14
8 15
16 17
9 12
13 14
11 12
11 12
9 11
9 12
12 14
10 18
11 12
9 12
16 17
9 11
11 17
10 17
8 18
17 18
12 17
12 17
8 12
12 14
11 17
14 17
10 16
15 17
9 12
8 18
17 18
12 17
9 16
14 16
13 15
10 15
12 15
14 16
15 16
8 15
15 16
16 17
14 18
13 15
13 14
11 12
10 14
9 12
15 18
17 18
8 16
12 14
9 11
11 15
8 13
8 12
10 11
9 14
12 16
12 16
15 18
13 16
17 18
11 16
9 13
10 12
13 15
15 18
11 17
10 18
8 12
11 17
12 14
9 15
8 12
16 17
10 11
11 17
10 13
10 15
14 16
9 11
14 18
9 17
13 14
11 14
8 10
8 14
16 17
8 15
8 15
13 17
8 14
10 15
9 14
14 18
9 12
9 17
11 18
13 14
13 18
10 11
13 15
9 12
14 15
12 13
14 18
15 18
9 11
10 17
10 12
9 11
8 9
8 13
16 17
13 18
15 17
11 18
10 15
9 10
8 12
8 12
17 18
9 12
9 11
11 14
8 15
8 17
15 18
8 9
10 15
17 18
10 13
9 14
8 11
12 14
9 14
15 16
9 18
8 14
9 12
8 18
8 17
8 15
11 16
14 15
9 18
9 12