112981,5omL6YCf6L+H5oWi,4,3,0
112982,Zm9sbG935qGR,4,0,0
112983,6K+35L2g5Lus5bCK6YeNVVDkuLs=,71,16,0
112984,5aSp5aCC576O5769,1,0,0
112985,56Kn5LmL6L2o6L+5,1,0,0
112986,5q6654mg5q27,47,16,0
112987,5Yay5Yqo55qE5YiA6YOO,3,0,0
112988,YW54eGll,0,0,0
112989,MXoyeDF6,0,0,0
112990,55av54uC55qE5ZOI5be054uX,0,0,0
112991,5b6h5Z2CMTkwOTDlj7c=,16,0,0
112992,56eL5YWD55yf5aSP,774,26,0
112993,5a2Q5769,0,0,0
112994,6L6w5aGs5bWp,68,7,0
112995,b3JvY2hpb2dhbWk=,0,0,0
112996,55m+5ZCI5Zui6ZW/,0,0,0
112997,57K+56We55eF5pyJ5aW96L2s,2,0,0
112998,5LiA5p6a6ZKi6ZWa,0,0,0
113000,5bCP5Z2C44KK44KG,0,0,0
113001,54Ku5pav5Z+6,1,0,0
113002,LeaSuOeMq+Wwj+iDveaJiy0=,1,0,0
113003,S25pZ2h06YWx,3,0,0
113004,ZXZlcnlkYXnmnaXkuIDngq4=,0,0,0
113005,5Lyg6K+05Lit55qEWFg=,178,87,0
113006,5Lyk5LiN6LW3,1,0,0
113007,5oWV5a655ZCf6aOO,0,0,0
113008,6LaF5aiB6ICB54Ku,13609,62,2
113009,Um91bmRGYWNl,0,0,0
113010,6Ieq6Zet5bCR5aWzVF9U,10,0,0
113011,6JOd5aSa5piv5Liq5aW96I+H5YeJ,0,0,0
113012,6I6x5b275pav54m5,0,0,0
113013,bWltaWt5bw==,2,0,0
113014,6Z+z5bCP54u4,1,0,0
113015,54is5qCR5o6J5LiL55qE54yr,1,0,0
113016,QUNESVY=,687,9,0
113018,6YeR6Imy55qE5aSp56m6,0,0,0
113019,5aW26Iy26YWx,0,0,0
113020,5Lqc576O576O,0,0,0
113021,U2lu5Y2B,0,0,0
113023,ZWR1YXJlYW0=,0,0,0
112981,5omL6YCf6L+H5oWi,4,3,0
112982,Zm9sbG935qGR,4,0,0
112983,6K+35L2g5Lus5bCK6YeNVVDkuLs=,71,16,0
112984,5aSp5aCC576O5769,1,0,0
112985,56Kn5LmL6L2o6L+5,1,0,0
112986,5q6654mg5q27,47,16,0
112987,5Yay5Yqo55qE5YiA6YOO,3,0,0
112988,YW54eGll,0,0,0
112989,MXoyeDF6,0,0,0
112990,55av54uC55qE5ZOI5be054uX,0,0,0
112991,5b6h5Z2CMTkwOTDlj7c=,16,0,0
112992,56eL5YWD55yf5aSP,774,26,0
112993,5a2Q5769,0,0,0
112994,6L6w5aGs5bWp,68,7,0
112995,b3JvY2hpb2dhbWk=,0,0,0
112996,55m+5ZCI5Zui6ZW/,0,0,0
112997,57K+56We55eF5pyJ5aW96L2s,2,0,0
112998,5LiA5p6a6ZKi6ZWa,0,0,0
113000,5bCP5Z2C44KK44KG,0,0,0
113001,54Ku5pav5Z+6,1,0,0
113002,LeaSuOeMq+Wwj+iDveaJiy0=,1,0,0
113003,S25pZ2h06YWx,3,0,0
113004,ZXZlcnlkYXnmnaXkuIDngq4=,0,0,0
113005,5Lyg6K+05Lit55qEWFg=,178,87,0
