3379951,aWxlbQ==,1390047,65,1
423442,S0JTaGlueWE=,1629865,277,0
777536,TGV4QnVybmVy,8580250,341,0
6171645,T0VMb29w,1350192,131,0
7349,U1RO5bel5L2c5a6k,1519030,843,7
17409016,54ix5YGa6aWt55qE6IqL5aS0U0FNQQ==,3792435,118,2
19071708,5r2u5rGV5aW955S35Lq6,1540291,121,0
40966108,5YCS5oKs55qE5qmY5a2Q,1097281,167,0
2403047,5Zif552j5LiN5Zm25rK5,2725640,298,0
259496522,5rOb5rCP,1,0,0
216025,5bCV5Li25aSp5aCC,1305624,400,2
4474705,5a2k54us55qE576O6aOf5Z+6,2913091,116,0
7792521,6L+Y5pyJ5LiA5aSp5bCx5pS+5YGH5LqG,1649876,152,4
14254182,6buR5qSS5aKo6bG8,1356581,231,0
43536,6buR5qGQ6LC35q2M,2218737,1034,5
9008159,6Iqx6Iqx5LiO5LiJ54yrQ2F0TGl2ZQ==,2982654,180,35
2206456,6Iqx5bCR5YyX5Li2,3985768,145,0
466272,5py65pm655qE5YWa5aa5,5981632,156,0
25876945,5p6B5a6i5rm+R2Vla2Vyd2Fu,1363704,182,265
104207471,5p2w6YeM5b63SmFyZWQ=,1885459,141,0
9824766,5pWs5rGJ5Y2/,8680776,1056,3
16794231,6Z2g6IS45ZCD6aWt55qE5b6Q5aSn546L,3551379,1007,0
3766866,56eR5oqA576O5a2m,2893253,876,1
546195,6ICB55Wq6IyE,11996919,304,0
90073062,5Ya36biieW91c2Hjgps=,916,52,1
79061224,5YiY6ICB5biI6K+055S15b2x,2808589,459,1
2374194,5aKo6Z+1TW95dW4=,1854564,29,0
1577804,5p+Q5bm75ZCb,5558900,201,0
927587,5pyo6bG85rC05b+D,4474353,984,0
7487399,5Yqq5Yqb55qETG9ycmU=,3309731,335,4
423895,5oCV5LiK54Gr5pq0546L6ICB6I+K,2320974,589,0
1565155,6LW35bCP54K55piv5aSn6IW/,3331607,1039,0
8034163,5rWF5r6E5pyI,1092366,148,1
284120,5LiJ5pegTWFyYmx1ZQ==,1779379,147,0
1643718,5bGx5LiL5pm65Y2a,2626921,1172,21
295711424,56We56eY5bqX6ZW/QQ==,1975480,87,0
3380239,56We5aWH55qE6ICB55qu,1980085,94,0
4162287,5riX6YCP5LmLQ+WQmw==,5097829,271,1
10462362,5aSp5aSp5Y2h54mM,2189503,812,115
32820037,5q2q5p6c5LuB56CU56m25Y2P5Lya,3580409,298,0
176037767,5oiR5piv6YOt5p2w55Ge,5506532,394,0
168598,6YCN6YGl5pWj5Lq6,4264548,590,0
185546,5bCP5Y+v5YS/,1352543,28,0
8366990,Leaso+Wwj+iQjC0=,2548540,133,0
13354765,5b6Q5aSn6Jm+5ZKv,4897797,201,0
322892,55eS5bGA6ZW/,2571295,374,0
116683,PeWSrOS6uueMqz0=,3235518,101,0
375375,5LyK5Li96I6O55m96byg,5368781,80,0
3682229,6ZW/5q2M5LiO5bCP6KeB6KeB,2035567,868,5
562197,5Lit5Zu9Qk9Z6LaF57qn5aSn54yp54yp,5726609,1321,0
62540916,5ZGo5YWt6YeOWm9leQ==,6558810,137,0
11073,aGFuc2Vy,1988655,184,0
391679,Qei3r+S6ug==,2662062,193,0
152246988,aGV55L+h6KqT6JuL6JuL,291,7,0
1885078,bnlh6YWx55qE5LiA55Sf,1607142,229,0
1532165,cGFwaemFsQ==,6412136,193,0
16307541,Vml2ZWthdHQ=,1471477,177,0
21837784,6Zi/5paX5b2S5p2l5LqG,2525799,385,1
122879,5pWW5Y6C6ZW/,7084055,315,0
51766,6Iy25Yeg5ZCb5qKm5LqM,862352,124,0
684169,6Iy255CG55CG55CG5a2Q,1488122,60,0
808171,5ZCD57Sg55qE54uu5a2Q,3177161,514,0
10345615,S2V2aW7oi7Hor63mg4XmiqXlsYA=,1435814,185,0
326246517,emV0dGFyYW5j,1651729,103,0
361959176,6Zi/5ZCX57K9,89,0,0
38351330,6Zi/5bmV6ZmN5Li0,1876402,66,2
113362335,5a6d5YmR5auC,2959728,204,0
22141287,5rOi5qGR5ZCD6YGN5LiW55WM,1408019,143,1
216623621,5ZCD6LSn5piOMw==,1295039,799,0
94114029,5ZCD6LSn6K+36Zet55y8,1543282,303,17
2920960,5aSn56Wl5ZOl5p2l5LqG,3823544,125,0
99157282,55uX5pyI56S+6aOf6YGH6K6w,3071120,325,9
17819768,55S15b2x5pyAVE9Q,2934543,273,150
285499073,5Lic5bC8b29raWk=,2726820,141,0
72270557,6Iqz5pav5aGU6IqZ,1384580,81,4
1918296,5Liw5YWE5p2l5LqG,1479499,135,0
36825256,5qeQ5a6J6YGX5qKm,1209437,85,2
337521240,6K6w5b2V55Sf5rS755qE6JuL6buE5rS+,4167290,415,0
279991456,6Z2g6LCx55S156ue,1885905,230,48
1893045,54uC6aOO5qGR,1526593,165,0
11870568,5ouJ5a6P5qGR,1890876,198,0
250111460,6Jyh56yU5ZKM5bCP5YuL,2814504,91,4
163637592,6ICB5biI5aW95oiR5Y+r5L2V5ZCM5a2m,4522569,35,2
279583114,6ICB5Z2b6IOh6K+0,1978183,169,0
19642758,5Yqb5YWD5ZCb,2478786,301,0
51896064,572X5rGJ6Kej6K+0,2629175,50,0
17546432,6ams5aOu5a6eSGVyYQ==,1551216,252,4
24314825,54yr5bqX,1048928,83,0
18202105,57u1576K5paZ55CG,4608805,260,10
6574487,57qz6LGG5aW25aW2,4207936,163,0
5293668,6b2Q5aSp5aSn6IK+5L2Z5r2H5rSS,1141225,78,7
515993,5p6q5by56L2o6L+5,1526931,130,0
257975429,5Y2B6Z+zU2hpeWlu,1266399,123,1
280793434,5omL5bel6IC/,4036530,115,0
37946996,5a6I5oqk6Iy26Iy2,1580400,127,0
1950209,5rC05LiA5aSn6a2U546L,1136508,396,0
265059948,5rip5p+USlVOWg==,1967984,20,52
4408538,5oiR5piv5oCq5byC5ZCb,1583048,121,41
3957971,6LSk5a6d5a6dQmFieQ==,3252856,319,0
196356191,57+U57+U5aSn5L2c5oiY,5297816,464,0
5970160,5bCP5r2u6Zmi6ZW/,3708573,255,0
10119428,5bCP54mH54mH6K+05aSn54mH,2633097,826,85
390461123,5b6Q5aSnc2Fv,4544014,563,0
946974,5b2x6KeG6aOT6aOO,1487520,293,124
471216218,5LiO5bGxb3Yw,9,0,0
35359510,6L+c5Y+k5pe25Luj6KOF5py654y/,2123505,498,2
