200001,5oOz5o+J5aic5aic5aWH55qE6IS4,0,0,0
200002,5a6l,0,0,0
200003,ZXZlcnNhYmVy,0,0,0
200004,SXNyYXBoZWw=,1,0,0
200005,5bCP5bCP5bCP5rOi,1,0,0
200006,6L+f6ZKd5ZCb,0,0,0
200007,6Zyc54Sw5pif556z,35,0,0
200008,5Y2O5Li955qE5qKT5Za16YWx,0,0,0
200009,6Zi/5ouJ6JW+44CB,7,4,0
200011,57+O5rSb,0,0,0
200012,5pqu5aSp5pGH5pel6JC9,11,1,0
200013,5Y2X55Oc5Ymq5YiA5YiA5YiA,2,0,0
200014,YXBwYXJpdGlvbg==,0,0,0
200015,Y2hhY2hhbWFnYQ==,1,0,0
200016,5aWH55Ge5rG96L2m,15,0,0
200017,5bCP5Zi/5ZOG,10,0,0
200018,5oiR5piv5Y+X,0,0,0
200019,amNwb3U=,0,0,0
200020,6Zyy6Zyy57yH6ZuFX+azvemHkQ==,10,0,0
200021,54iG56C05p2c6JW+5pav,0,0,0
200022,5Y+v5ouJ5YW9,0,0,0
200023,5Lic546v546L5Yqb5a6P,2,1,0
200024,dGTlsI/lqJg=,0,0,0
200025,Wm9tYkhE,3,0,0
200026,5rKJ6buY5LmL6L27b2Y=,5,3,2
200027,VeS4u1Y1,0,0,0
200029,5rKJ5aSc,0,0,0
200030,Y2N2Yw==,0,0,0
200031,55a+6aOOSkFDS0pPSE4=,5,0,0
200032,SWNldG9ybQ==,1,0,0
200033,57eR6aKo44G144KP44KK,622,17,0
200034,6ams5Zy65pyo5a6e,4223,62,1
200036,5Z+D5LyN5b635p6X,9,0,0
200038,5Zyo5b6u6aOO5Lit6Zm26YaJ,0,0,0
200039,55m96Imy5Lqa5YWL5Yqb,0,0,0
200040,6aqR54yq5Y675pS256iO,0,0,0
200041,57+O6Iie,3,2,0
200042,56m65aSn,0,0,0
200044,5LqV5Lit5pyI,0,0,0
200045,5aSp56m65a+65q2l,17,0,0
200046,6a2v6L+F,4,0,0
200047,5biD5ZKV5ZKV5ZWK,3,1,0
200048,5YWr54iq6bG854yO5omL5p6X5YWL,1,0,0
200049,5ZOy4pmC5a2m55qE5oCd6ICD,0,0,0
200050,TWFyaWtv6bq76YeM6YWx,1,0,0
200051,54uC5pyIc291bA==,0,0,0
200052,Ti5Nb25zZWlnbmV1cg==,33,15,0
200053,6IOW6YC55ZCb,13,4,0
200054,6bqf5YWJ,2,0,0
200055,6ay85aGa6Iux5ZCJ,0,0,0
200056,5ZCD5LiN5LiL55qE6J6D6J+5,0,0,0
200057,a2lueWk=,10,1,0
200058,57qi6Iy25byA5LqG5ZCX,0,0,0
200059,YnRhcWluZw==,0,0,0
200060,5Z2k5Y+k5oCq,288,18,0
200061,5ZiJ5Y2O55Sx5aWI,34,1,0
200062,U2hheW5lR2U=,1,0,0
200063,5bCP54yq6LmE54ix6I2h5ry+,5,1,0
200064,QXp1cmVSZWQ=,10,0,0
200065,aWNldGVhMTIx,0,0,0
200066,6YeM5qC85Lic5Lic5aKZ,4,0,0
200067,6J+56YWxLTMt,0,0,0
200068,44G744KA44KJ,1,0,0
200069,6buSMTE=,3,0,0
200070,5q2l5rGc,1,0,0
200071,5a6a5bGF55qE6Juk6J+G,0,0,0
200072,5aSp54Wn5aSn5b6h56We,0,0,0
200073,5bCP5qmh55qu,11,1,0
200074,VmlraS5ZaQ==,2,0,0
200075,6Lef5aau5oKg5LiA6LW35ZSxbGlsaXVt,1,0,0
200076,6YCG6bOe5q6H,0,0,0
200077,5biD5biD6I+M,18,4,0
200078,552h6JOu6Iqx,203,40,0
200079,S2lzZVJ5b3RhU2Fubg==,0,0,0
200080,5L2g54i45omN5piv5p2O5Yia,1,0,0
200081,5LiA5rGf56eL5rC0,0,0,0
200083,5q+b6Iy46Iy455qE5aW96JyA6buN,1,0,0
200084,RGFybGluZzUyMA==,0,0,0
200085,5Lq65a625omN5LiN5piv5YKy5ayM,0,1,0
200086,5Ya35q2755qE5Zyf6LGG,1,0,0
200087,MeS4gA==,0,0,0
200088,5aWl5p2R5Z+65Y+L,0,0,0
200089,dGVlbg==,2902,138,0
200090,a2Vpa29f5oOg5a2Q,193,11,0
200091,5biV55CqX0VsYWluZQ==,30,0,0
200092,5pmu6LiP6LiP,0,0,0
200093,5LiA5YWJ,0,0,0
200094,6IuN5Z+O44Gu5pmv,2,6,0
200095,U2FuZC5LaW5n,3,1,0
200096,aGFkZXN6aGFuZw==,0,0,0
200097,5bCP6bif5ri45YWJ,0,0,0
200098,5Z+D54m55r2Y,0,0,0
200099,6aSF6aOf44G54piG44GL44KI44Gh5o6o44GX,3,3,0
200101,5q+B54Sx,1,0,0
200102,5aSp6L655a2k5LqR,0,0,0
200103,44K844Ot44Ot,0,0,0
200104,5Y2W6JCM44Gu5q2i6KGA6LS0,2,0,0
200105,S0lXSeaXoOe/vOm4nw==,0,0,0
200106,Mjc2Nzk4NDE5,0,0,0
200107,6byg5qCH5bCR5L6g,1,0,0
200108,6IKl54yq5rWB5LuZ5Lq6,0,0,0
200109,My41Y23nmoTlsJHlubQ=,3,0,0
200110,5YK+5a2Q5aKo,1,0,0
200112,5Y+45b6S5YeM6ZSL,0,0,0
200113,5rex56m65rWu5LqR,0,0,0
200114,QWxhaW4weDVm,1,6,0
200115,5oiR5pyJ5LiA5qC55ZGG5q+b,0,0,0
200116,c3dlZS1CQko=,11,9,0
200117,RGVhdGjjga5NYXNz,0,0,0
200118,5biD5biD5a2Q,0,0,0
200119,6Zmf5b286YeH6JaH,2369,12,0
200120,5LmF5ZCb,0,0,0
200121,6ICB54yO5Lq655qE6IW/6aqo,2,0,0
200122,5pyI5b2x5Lq66YGu,4,0,0
200124,5re36aWt55qE,0,0,0
200125,57a+6aKo56WQ5biM,0,0,0
200126,57Sr5aaI44OO57O46KKc,17,0,0
200127,57Si6ams6YeM5aWl,0,0,0
200128,5Zyw54ux6bih,0,1,0
200129,U2FnaXR0YXJpbw==,19,3,0
200130,6Iet6Jm+5byA6Zeo,0,0,0
200131,5ouJ5ZCJ5Zun,9,2,0
200134,anNoYW5zaGFuag==,2,0,0
200135,6KaB5rK75pys5b+F6aG76YeN5Y+j5ZGz,1,0,0
200136,eWV4aWFuZw==,0,0,0
200137,5Y+v6IO95oCn44Gu5raI5aSx,0,0,0
200138,5LiU5YGP5bem,0,0,0
200139,Leaxn+eloC0=,5,0,0
200140,44CC5Zui5a2Q44CC,0,0,0
200141,U2l4RGV2aWzmtYHloqg=,57,1,0
200142,55Cl54+A6LGG6LGG,0,0,0
200143,V+KYhUtT,0,0,0
200144,6Iqd6bq75Yqg6LGG6IWQ,1,0,0
200145,bHVja3lmcnVpdA==,0,0,0
200146,Q2NzYXnlkJvlk58=,0,0,0
200147,5paR5biD,0,0,0
200148,6IqZ5YWw55qE5b2x5a2Q,0,0,0
200149,U2luZm9uaWFSTw==,0,0,0
200150,bHVjaWZlcjg5MDA=,0,0,0
200151,5paw5LiW57qq5a6F5Lq6,2,0,0
200152,5Z+65ouJ5qGR55qE6ISR5q6L57KJ,0,0,0
200153,6LaF5ZKM5bmzQnVzdGVyc+eBrOWcsOW6leS6ug==,0,0,0
200154,anlo,2,1,0
200155,b0/lvq7nrJHnmoTmrbvnpZ5Pbw==,0,0,0
200156,ROeahOmtlOmVnA==,1,1,0
200157,5L2O5pm66IO9572R57uc5aSE55CG6KOF572u,0,0,0
200158,Zmxhbmtlcndhbmc=,0,0,0
200159,5Y+v54ix56KO6aKF5py6,5,0,0
200160,5ZC+5Y2z5LiW55WM,0,0,0
200161,U2xhdmVob2xk,0,0,0
200162,d3dz,0,0,0
200163,ZW50cmVlMg==,0,0,0
200164,5b+r5LmQ6ICB5YyF,7,0,0
200166,5YaI5bSOwrfmsZA=,0,0,0
200167,5Y2B5LqM5pyI5YWa5Lq6Xw==,3,0,0
200168,6JOm6K+t5YWu,15,0,5
200169,4peLb+ioq+eFqeOEmmnkuoI=,0,0,0
200170,5bymenk=,0,0,0
200171,5rqf5bed5bed5bed,2,0,0
200172,6KGo5oOF5Liw5a+M44Gu5omR5YWL6IS4,30,6,0
200173,5p2O5pS454S2,3,1,0
200174,VHJheXZvbng=,1,0,0
200175,5bel5Y+j5ZCQ5qe95aes,0,0,0
200176,5YK75aic5LmL5YiA,0,0,0
200177,5omT6YWx5rK555qE54y05a2Q,6,0,0
200178,6Im+5bCU576O5pav55qE5ouJ5ouJ,0,0,0
200179,6LS55bCU5pu8c2ljbg==,14,5,0
200180,5YWU5a2Q55qE6JCd5Y2c,0,0,0
200181,RmluYWxDcnlzdGFs,674,14,0
200182,ODM4NA==,0,0,0
200183,WmVya2Fy,1,0,0
200184,TmlnaHRzdWtp,0,0,0
200185,6K6p5p2w5ZOl55yL55yL,15,1,0
200186,6KW/6KGM5a+654m56YeM6Im+5ouJ5bm95Y2O,10,0,2
200187,6aW85bmyRw==,4,0,0
200188,6Zeo55SwLuS6rOW5sw==,13,1,0
200189,5Yib5YWD,0,0,0
200190,TW92ZeS4tk51dHQ=,1,0,0
200191,55Wq5Lq6MTM=,2,0,0
200192,6buR6KGj4piF,0,0,0
200193,5oiR5Lus6YO95piv6Lev5Lq655Sy,0,0,0
200194,QmVhdGE=,3,0,0
200195,6Iqx5rO95bCP55m96I+c,17,1,0
200196,6a2I6YKO,0,0,0
200197,6Z2Z6Z2Z55qE6Zuq,0,0,0
200198,eXVua2lu,0,0,0
200199,5ZmX5Zek5ZmX5ZmX,3,0,0
200200,YWNnLTE4NQ==,0,0,0
200201,5bCP5ZGG5q+bQljphbE=,8,0,0
200202,bWlsYW4wNw==,0,0,0
200203,6LW35Liq5ZCN5a2X55yf6Zq+,0,0,0
200204,YnpwZWln,4,1,0
200205,5aSp546L5rSy54aP,1,0,0
200206,54Gs55CJ5q6H54Gs,7,5,0
200207,5YeM5rOiU0FNQQ==,2,0,0
200208,5rGf6Jek5LiN5LqM5a2Q,46,3,0
200209,5aaE5q2M5aaE5LmQ,5,1,0
200211,THlvbg==,2,0,0
200212,YmlsaV8yMDAyMTI=,0,0,0
200213,6ISx5rC06Jyc5p+R,0,0,0
200214,5byC5LiW55WM44Gu6aOO,15,3,0
200215,5LiA5YiH6YO95LiN6YeN6KaBLQ==,0,0,0
200216,S2l6dXRzdWtl,4,0,0
200217,5Li/6LaF55+t6KOZ54Gs,0,0,0
200218,5q2k5puy5Y+v5b6F5oiQ6L+95b+G,459,66,1
200219,6Kaz5rOi5Yqg5aWI,0,0,0
200220,6ZmI6Z2W5LuH,0,0,0
200221,5Z2o5Z2o,0,0,0
200222,QW5keVplbmdBUw==,2,7,0
200223,6L+Z5Liq6bih6IW/5aW95aSn5aW96aaZ,0,0,0
200224,5Ly45omL5YWa5YWa5ZGY,0,0,0
200225,54uC5bed55eF57SA,4,0,0
200227,6aKo5q6H,1,0,0
200228,a2sxag==,9,4,0
200229,6JCn5bGx5LqM5Lit,0,0,0
200230,YmlsaV8yMDAyMzA=,0,0,0
200231,54uu5a2Q5q+S,2,1,0
200232,U2F5ZWFo,1,0,0
200233,Z2Fu,0,0,0
200234,6buR5aSc6L+H5ZCO44Gu5ouC5pmT,0,0,0
200235,54eD54On55qE57qi54yq,1,0,0
200236,Z29kY2U=,2,0,0
200237,55+l6K+G5LiO5pel6Zi055qE5aeGUQ==,0,0,0
200238,6L+Z5Y+v55yf6L+H5YiG,13,10,1
200239,VWx1cnU=,3,0,0
200240,5aSV54Of6KW/,220,10,0
200241,5ZGG5p2/55qE6KKE5Yip6KKE,0,0,0
200242,5LiK5p2hwrflvZPpurs=,7,0,0
200243,5a2Q5aSc5byn5YWJLeeJueauiuijheWkh+Weiw==,53,1,0
200244,5o+h5LqG5Liq6I2J,32,0,0
200245,5omT6ZKp6ZKp55qE5Zue5b+G,1,5,0
200246,55So5ZWl5byE5q275L2g,0,0,0
200247,6aKo6Lyq,1,0,0
200248,5ZOy5Lmf,0,0,0
200249,6ICB6KGy5LiO5L2g5ZCM5Zyo,11,1,0
200250,5bCP54aK5biD5LiB,0,0,0
200251,bWluZ21pbmcwMA==,0,0,0
200252,6aqR54yq6LW26aOe5py6,0,0,0
200253,bmV0c3VtaQ==,3,0,0
200254,5YGa6YWx5paZ5LiN5aaC6Lez6Iie,3,0,0
200255,VVDkuLvnnJ/kuI3mmK/okJ3ojonmjqc=,1,0,0
200256,ZWxpYmV0aA==,0,0,0
200257,6Lev5Lq65LiA5L2N,0,0,0
200258,56u55p6X57u/5b2x,1,0,0
200259,Q0lTQ08=,1,0,0
200260,5pif5pyI6b6Z5Y2O,4,0,0
200261,YXN1a2F6Zg==,3,0,0
200262,572q5Z2P,2,0,0
200263,5LqM5ouU,0,0,0
200264,56We44CF44Gu5re35Lmx,2,0,0
200265,6ZqQ6JS955qE5aWz6Z2S5bm0,199,8,0
200266,UkzkuLboja0=,4,2,0
200267,5pS+5byA6YKj6KOF5aSH,480,43,0
200268,6LSd5pav,4,1,0
200270,5Y2D5bKB55yf5a+7,0,0,0
200271,5Yyq5oKy,1,0,0
200272,6Lii5Y+J5q2q,4,0,0
200273,5LiN5raI5YyW,1,0,0
200274,6ZmG5oWV57yY,3,0,0
200275,aHRx,1,0,0
200276,54i25auB6LWb6auY,0,0,0
200277,6L+H5rGf5LiN6KeB,2,0,0
200278,bW9nZemYv+WWteWtkA==,74,4,0
200279,54ix5ZCD6IKJ55qE5oCq5YW9,176,40,0
200280,57SE5LyK6Iyy55qE6LOi54u8,0,0,0
200281,5Y2K5pyI55qE5pif56m6,10,12,0
200282,VE1T,0,0,0
200283,5Li25YW75oiQ5Z6L5pq06Zyy54uC,0,0,0
200284,bGFuSHdhbmc=,0,0,0
200285,6JS36JaH5YeL6JC9,0,0,0
200286,S2VuS2l6,1,0,0
200287,5bCP6amsUmFyaXR5,13,16,0
200288,57uA6YeO5LiA55yf,1,0,0
200289,5qKm5qKmU2hpenVrdUs=,7,0,0
200290,UeS6huS4qkI=,0,0,0
200291,6buR6ZW/55u057u05ZCJ5bCU,0,0,0
200292,6buR6Imy4piF5L2/,0,0,0
200293,5LiJ6JuLMDM5,1,0,0
200294,TWluR28=,1,0,0
200295,6LGG5aW25ZKW5ZWh,0,0,0
200296,U21pbGVuY2Uu,2,0,0
200298,5bKa5pqX,2,0,0
200299,dmYxNDEy,0,0,0
200300,RG5v6Im66ZKS,0,0,0
200301,Unlhbm1pbmc4OA==,0,0,0
200302,55+z54Gw5rOh5rKr,10,0,0
200303,LVlhc2hpbi0=,16,6,0
200304,5omn5omL5rWu5Y2O,0,0,0
200305,5p2R6Iqx5Z+65L2s5aOu,38,2,0
200307,5pKS5a6B,1,0,0
200308,56yZ56yZ6IyJ5q2M,23,0,0
200309,ODg5OTU1,0,0,0
200310,5oi36ZqQ576O6ZOD,2,0,0
200311,576O5Lq66aG+,160,6,0
200312,6JCd5Y2c5bCP57Gz57Kl,0,0,0
200313,Zmxvd2VyY2k=,2,0,0
200314,5rSe55y8,0,0,0
200315,5YS/56ul5ZOy4pmC5a2m,0,0,0
200316,c3RhcmluZ1g=,11,2,0
200317,emVrZQ==,0,0,0
200318,VmluY2VudExhdw==,0,0,0
200319,54yl55CQ55qE5Lin5bC4,0,0,0
200320,6ZOB,1,0,0
200321,5pmu6ZmA5bGx5LmL5Yqb,28,8,0
200322,6IKl54yq5rWB5aSn546L55qE6Lef54+t,0,0,0
200323,bGVvbua2heangw==,0,0,0
200324,U2V2ZW5hc3Rybw==,13,5,0
200325,55S35aaI5aaI54iq5be0,4,7,0
200326,ZXjjg6vjg7zjg5/jgqI=,223,9,0
200327,5peg5bC944Gu54eD,0,0,0
200328,5YW25a6e5rKh56We6ams,0,0,0
200329,55S355Sf6KaB56uZ552A5bCP5L6/5ZCX,0,0,0
200330,UGV0ZXJDaG91,0,0,0
200331,5qao5rGB5aer,0,0,0
200332,57Sr6Imy5rC055Sf6I+H,1,0,0
200333,5aes5a2Q44Gu5Y2D5q2M6Z+z,0,0,0
200334,MzYw5a6J5YWo5b+N6ICF,0,0,0
200335,55m+56eR5YWo5Lmm,0,0,0
200336,5Ya355y4,1,0,0
200337,YmlsaV8yMDAzMzc=,0,0,0
200338,bmV2ZXJ6em4=,3,0,0
200339,5Za15Za15aSn5ri46KGM,0,0,0
200341,TW9uZXk=,0,0,0
200342,5bCP5oKy6YWx,1,0,0
200343,X0FoYml1,31,0,0
200344,STctMjYwMEs=,0,0,0
200345,54iG56C06Z+z,1,0,0
200346,Q2FtZXJh54S844GN,4,0,0
200347,UXVlbOS4tg==,1,0,0
200349,ZGFrYWth,0,0,0
200351,77mO44Oj5L6d54S244O9,0,0,0
200352,5aSn5bCP5aeQ6JW+57Gz6I6J5Lqa,1,0,0
200353,TG9yaXdraw==,0,1,0
200354,6I+c6bif546p5a62bW1j,1,0,0
200355,5LiK5aSp5LqR,12,17,0
200356,6Lez6Lez5pyI54uX5a2Q,3,1,0
200357,5Y2K5LiW5b2n,4,0,0
200358,5b6h5Z2C576O55C06YWxa2lyYQ==,0,0,0
200359,dGVkZHnkuIHnhornjKs=,22,0,0
200360,6Zu25peP55qES1I=,6,0,0
200361,5pyA5YiY6LS156eL6Imy5ZOm,0,0,0
200362,bGlrZmlyZQ==,0,0,0
200364,55Sc6L6j6YWx54K46bih5Y+v5LmQ,0,0,0
200365,54q56K6w6bii5bC+44CC,0,0,0
200366,5oiR5piv5YWa55qE5o6l54+t5Lq6,0,0,0
200367,54OZ55m944CC,1,0,0
200368,56yo44Gu5Zi05Zi0,0,0,0
200369,5ZW15q+U5bCP54aK54yr,23,11,0
200370,Q291cmFnZUh5bW4=,1,0,0
200371,M+mAl+WPt+WQmw==,1,0,0
200372,6Zu25LmL5a6h5Yik,0,1,0
200373,5LqU5Y2B5bKa576O55Sx5aes,2,0,0
200374,5Li75bqP5pif5Li2,1,0,0
200376,5Ya36Z2Z55qE5pe25YWJ5py6,1,0,0
200377,WS4uLg==,12,1,0
200378,6IqZ5YWw5py16Zyy55qE5bCP552h6KGj,0,0,0
200379,5ZC+5LmD5qC45by55aiY5bm75oOz5Lmh5pyA5by6,2,0,0
200380,6Iy254Om54Om,16,3,0
200381,6ISR572R54i9,1,0,0
200382,56We57qnQUk=,0,0,0
200383,Mea4uOazs+eahOeMqjE=,1,0,0
200384,5pyI6Kmg44CB55CJ55KD44CC,0,0,0
200385,5oSa6ICF5LyK5aWH,0,0,0
200386,5oiR5pyJSkLmiJHoh6rosao=,2,0,0
200387,57qy5ZCJ5aSn576O5Lq6,0,0,0
200388,eGluZGFv,2,0,0
200389,5aSn5b2T5byf5byf,1,0,0
200390,6YeN6Z+z44OB44OI,0,0,0
200391,TGF05byP,0,0,0
200392,emVwaGlydXM=,0,0,0
200393,5p+05bqf5Li25oKg5LqM,0,0,0
200394,YmlsaV8yMDAzOTQ=,0,0,0
200395,54yl55CQ5LmL6Zy4,0,0,0
200398,5YeJ5YeJ55m9546J6Iy2,9,0,0
200399,6Iqt6JW+5YWS,1,0,0
200400,d3kyY2wxMzE0,0,0,0
200401,57uT5aWP,49,3,0
200402,5p+T5LiK5bGO6buE55qE5LiB5a2X6KOk,0,0,0
200403,TGVlQmVhbg==,0,0,0
200404,5bm75oOz55Cq6Zyy6K+6,14,0,0
200405,VG9pa2Vu,1,0,0
200406,6Iy26Imy5rqx,0,0,0
200407,44Gv44Go44KK,27,6,0
200408,4pGg55m85YWl6a2C,1,0,0
200409,5bCPUeacuuWZqOS6ug==,0,0,0
200410,54ix55qE5oiY5aOr6ICB6Jma,0,0,0
200411,5q+U6YKj5ZCN5ZCb5aSp5a2Q,0,0,0
200412,c2VhbHh4aQ==,0,0,0
200413,5ZCD6aWt,0,0,0
200414,5oiR5Lmx6K+055qE,3,0,0
200415,R1RYNDk1,0,0,0
200416,QXJjb29v,0,0,0
200417,5rC054Wu6bG8,0,0,0
200418,eGlhbzc3,0,0,0
200420,5ouC5pmT54+g5rOq,0,0,0
200421,5Lul55Sf5Li65ZCN,371,13,0
200422,5bCP56WB,1,0,0
200423,5ZC+44Gu5ZCN55Sa55+t,2,0,0
200424,U2FtdUlTbm93,0,0,0
200425,6L+344Gu5bCP5aSc,0,0,0
200426,emtmdGpzY2N6,2,0,0
200427,5ruR5aSp5LiL5LmL5aSn56i95Lio5ZCn,9,1,0
200428,VOeav1Q=,0,0,0
200429,WXVraWthemXlkJs=,1,0,0
200430,6Zuq5Luj6Zu26Z+z,0,0,0
200431,6JK85aer44Op44OU44K5,348,7,0
200432,5bqm5bqm6LC35q2M,2,4,0
200433,5oiR6L+Y6IO95oqi5pWR5LiA5LiL,1,2,0
200434,6auY5Lq6,29,3,0
200435,6JuH6aqo,3,0,0
200436,5aea54uQ54u4,0,0,0
200438,VGlhbi15aQ==,0,0,0
200439,5oiR6KaB5ZCD6Iu55p6c,0,1,0
200442,cGh5c2lvcGF0aG9sb2dpZQ==,0,0,0
200443,bWFja2Vuc3VraQ==,4,2,0
200444,5YWU5a2Q5LuA5LmI6YO955+l6YGT5Li2,0,0,0
200445,5qix6YCdwrflkaLlloM=,0,0,0
200446,5bqT5YW55raF5L2Q5aSr,6,0,0
200447,5piO5piO5LiL6JC95LiN5piO,2,0,0
200448,TGFyaWVz,2,0,0
200449,5aSa5LmI5rm/5ram55qE5LiW55WM,2,0,0
200450,6J+L6J+A,0,0,0
200451,5pqu5bCY,44,31,0
200452,5ZOl6LCt5biC5omr6buR,4,0,0
200453,d29haW5pbWEy,0,0,0
200454,6JqV5a6d5a6d,1,0,0
200455,5rex5rW35Y+y6I6x5aeG,3,0,0
200456,U3RldmUuUw==,32,4,0
200457,6Zi/5a2j,0,0,0
200458,QWdhaW5zdFRoZVdpbmQ=,0,0,0
200459,5piv5Liq5YK75Z2R,170,36,0
200460,4pGo5bim5Liw6Z+z,16,0,0
200461,5ZWP6Jmfeg==,43,12,0
200462,55Sy6amsMTk4OA==,0,0,0
200463,5bC8546b5rGC6JC95Zyw56qX,0,0,0
200464,5YK7QUpJQQ==,0,2,0
200465,Tm9l5aaC5pyI,0,0,0
200466,5aSP5aSp44Gu6aOO,0,0,0
200467,anVzdOWViuWWgg==,1,0,0
200468,5rC46Z2SQU8=,2,0,0
200470,5pWw56CB5pq06b6Z,0,0,0
200471,6Zu355KQ5aGU,0,0,0
200472,d2VubGlhbmc=,0,0,0
200474,54qv5Lq6NjI35Y+3,1,0,0
200475,6buR6Imy6L2o6L+5,13,0,0
200476,54GsTOeBrA==,0,0,0
200477,5Luy5aSPUA==,2,0,0
200478,6YCd5rC05ZCb44CB,2,2,0
200479,Y2hpcGFubg==,0,0,0
200480,57yt5Lmx57yk57q3,3,12,0
200481,6YOB5qCW,3,0,0
200482,ZWV3d2RkaGg=,0,0,0
200483,5Ye56YWx,0,0,0
200484,5bCP5bCP57Wu57Wu,0,0,0
200486,SGF5ZWs=,15,0,0
200487,5LuT6Iqx5Y2D5aSP,0,0,0
200488,6YeR6Zeq6Zeq55qE5YWr5LqR57Sr,0,0,0
200489,576O5bed5aCA5a2Q,1,0,0
200490,QUFBQUFraV9Pbw==,0,0,0
200491,TOS4tg==,5,0,0
200492,57u/6LGG5bCR5aWzcGFuYQ==,7,2,0
200493,5Lqe6L+e,9,1,0
200495,RWxsZW5BbHRlcg==,2,0,0
200496,44G/44Go44KK,0,0,0
200497,5ZCX6YeM6I6r57Gz6L2w,9,1,0
200498,QklMTExMTEw=,0,0,0
200499,5pif5Li255Wq,0,0,0
200500,5b+D5aOwbmFydXRv,1,0,0
200501,Q3JlZWTlkJs=,9,0,0
200502,RGFya1dhdGNoZXI=,0,0,0
200503,44CG77mP5reh5reh6I2J5a2j,0,0,0
200505,Q29udG92ZQ==,0,0,0
200506,5Zyj5q+N546b5Yip5Lqa55qE5Yed5pyb,0,0,0
200507,S3VnaW1peWFSaWU=,12,0,0
200508,5oaL6Zeu5oiRc2nosIE=,2,0,0
200509,5pmu6YCa5p2R5Lq6,1539,1,0
200510,6buR5YWrQ2xvbmU=,10382,28,5
200511,c2FydWZhcnI=,0,0,0
200512,amF6enpvbmU=,1,0,0
200513,55m95LqV6buR5a2Q55qE56+u4pmC55CD,59,3,0
200514,TW9zYWl0MTJCaXQ=,5,0,0
200516,6JuL55a855qEbeWQmw==,48,22,0
200518,Zm9yZXN0OA==,0,0,0
200519,6L+m5o+y,5,0,0
200520,c2l3dWxpdQ==,11,13,0
200521,YmJqczU2Nw==,0,0,0
200522,5rex5bGx6ICB5Yac,0,0,0
200523,57qv5rSB55qE6KW/6aOO,0,0,0
200524,aGVucnlib3hlcg==,1,0,0
200525,5bqE6IOc5paH,0,0,0
200526,TG9uZ2ludXMxOTkw,1,0,0
200527,YWx0ZXJuYXRpdmU=,0,0,0
200529,6JCM5L2g5LiA6IS455qE5rKZ5YyF,9,0,0
200530,5rKh56Gs5biB5LiN5LiJ6L+e,1,0,0
200531,6I636L2v55Sy,1,0,0
200532,5LiA6I+y5oiR44Gu5auB,7,0,0
200533,5r6z5aSn5Yip5Lqa55qE5YWU5a2Q,1,0,0
200534,6Zi06YOB5bel5Lq6,103,34,0
200535,5bCP6L6w5p6B,5,3,0
200536,6JOd5LiA5bCY5aSn5YWI,37,2,0
200537,WXlvdW5n,6,1,0
200539,54ix5bCU5aWO54m54oCi5biD5ouJ5pav5aGU5b63,0,0,0
200541,5au855y85Zyc,0,0,0
200542,5aSp5LiK5aSp5LiL6ay85ZOt6Z+/44CB,0,0,0
200543,6Zi/546E5piv5bm554mp5Zyo5a6k5q275a6F,1,0,0
200544,bWlrdeS/uuOBruWrgQ==,0,0,0
200545,ampsaXU=,0,0,0
200546,5Lin5bC444Gu55Cq6Zyy6K+6,3,1,0
200547,5Y2z5aKo6LWP6Iqx54Gv5pe2,0,0,0
200549,5byY5r+R55Ci56Oo,0,0,0
200550,5LiJ6YeRQk9Z,0,0,0
200551,5pyA54ix5pyx6Z+z,0,0,0
200552,5ri456a75a2Q5bCx5piv55m+5ZCI5a2Q77yB,0,0,0
200553,YnJvb2s2Mw==,0,0,0
200554,bWVpeW91Z3Vhbnpob25n,0,0,0
200555,57Sr6ZmM44Gu57qi5bCY,0,0,0
200556,6buR5Za15Za1QOmFsQ==,0,0,0
200557,5aSP55uu5a6255qE5Y+L5Lq6,0,0,0
200558,57q957qm5biC5aaH6IGU5Li75Lu7,31,1,0
200559,5q2Q5paH5o+a5aSp,0,0,0
200560,5YC+6LWG5omA5pyJ5oSg5p+U,0,0,0
200561,6auY6ZOB5L6g,0,0,0
200562,5LiJ5peg5YW75oiQ6K6h5YiS,4,0,0
200563,a2lzc+WnkOWnkOaBqeeIsQ==,0,0,0
200564,SnVpY3lTUGlyaXQ=,20,2,0
200565,WXZLb25h,1,0,0
200566,RWlza3Jpc3RhbGxl,403,1,0
200567,5pep6IuX5Yeb5Yeb6J22,3,0,0
200568,54OP5ZW8,0,0,0
200569,5LyK5L+u54m55Yip,0,0,0
200570,c2FwcGh5,0,0,0
200571,TXJPT09PTw==,1,0,0
200572,TWlrdW11c2lj,9,10,2
200573,6Ze75Lq65rmc5rqm,0,0,0
200574,5Y2V5Y2V5Y2V5Y2V5Y2V55u45oCd,0,2,0
200575,WVRIMDYyMg==,0,0,0
200576,5LqR5ri455qE56C05oiS5YOn,4,0,0
200577,6bG85bCP5byA,0,0,0
200578,R1hfOTkwMQ==,12,0,0
200579,ZnRpazEx,3,3,0
200580,YWxkZXNr,0,1,0
200581,54Gr5Yek54eO5Y6f,11401,81,0
200582,Tm8yTVM=,6,1,0
200583,55qL5pyI546E,1,0,0
200584,5LqM5qyh5YWD55qE6bi95a2Q,0,0,0
200585,6buR5qWa6L2p,2,0,0
200586,5L2/5b6S5LiN5Lya6JC95rOq,209,78,0
200587,5Lmd5qKd44GX44KN44Gv,4,0,0
200588,5pS755Wl5aes,798,80,0
200589,c3Bpa2Vy,0,0,0
200590,6ICB6KGy5oiS6YWS5LqG,14,0,0
200591,5oeS5LuZ,1,3,0
200592,77yS77yS,1,0,0
200593,4oid55Wq6IyE6L+p5Liq6ams6ZOD6Jav,0,0,0
200594,57KJ57qi5aS0,0,0,0
200595,Tk8uNg==,0,0,0
200596,Ui1TaWRlLg==,1,0,0
200597,a2Vlc2hvbmQ=,0,0,0
200598,enVyYS3jgIIt,0,0,0
200599,55m96Imy6aOe57+8,101,41,0
200600,5bCP5Lyf,0,0,0
200602,44OQ44Kr44OQ44KrUA==,0,0,0
200603,5LiL6aWt5rKF5a2Q,477,2,0
200604,5rq65q2755qE5r2c5rC05ZGY,1,0,0
200605,cWlxaWthaWthaQ==,9,0,0
200608,WW91cllncml0dGU=,0,0,0
200609,5YG35Zyf55qE6LGG,913,0,0
200610,S3ltb+WNl+W4mw==,1,0,0
200611,c29ycnlkdWNr,9,0,0
200612,QXF1YXJpdXNfS2k=,40,0,0
200613,6Im+6JW+6Im+6JW+,2794,6,33
200614,5pel5bi45q+B54Gt6ICF,0,0,0
200615,5pif5rW36aOO6a2U,9,0,0
200616,5rOi5Li96bqt5ZOp,60,1,0
200617,cGFuZWxpamFo,7,2,0
200618,bGlpdQ==,0,0,0
200619,54uQ54KO5Lmx5769,1,0,0
200620,54On6aWt54On,3,0,0
200621,5ZGG5ZGG5oGS,10,2,0
200623,LeixhuaymeWMhS0=,0,0,0
200624,Y23llrXllrXllrU=,5,0,0
200625,5LiA5LiAams=,1780,25,0
200626,5bCP6bi96bi95bCP5ZOl5ZOl,33,0,0
200627,ZmVuZQ==,1,0,0
200629,YWthdHN1a2k3NA==,0,0,0
200630,d3d3MDA4dw==,1,0,0
200631,R2VsYXh6enlu,1,2,0
200632,QmVUb3Dnv47lhZQ=,6,10,0
200633,6L+36YCUbWV0b28=,0,0,0
200634,ZmFycmVsbA==,0,0,0
200635,57Gz56We5Lio5peg5pWM,0,0,0
200636,6Luw5pqn5Z+o6JWZ,0,0,0
200637,6Iu55p6c5aSp5b6I6JOd,0,0,0
200638,44GD44Gs,0,0,0
200640,SmV0VGVkYWwyMDM=,2,3,0
200641,55uu5LiL56eA5ZCJ,0,0,0
200642,5a6Z5LiO576K5q+b,0,1,0
200645,5Li76KeC5Lq65aOr,1,0,0
200646,5rWF57695ZCb,0,0,0
200647,6LW15aSn5pif,0,0,0
200648,5a+m5aa55o6n,1,0,0
200649,5ZGc5biD5Y2h5p6v,3,0,0
200650,57uK54ix,12,1,0
200651,57Oc6JuG54Gw6Jqk,0,0,0
200652,5bem5pKH,0,1,0
200654,KioqKipfX19fX19fX19fX19fX19fX19fX18=,134,3,0
200656,55Sf55+z54Gw5rC06aW6,253,0,0
200657,U2hpYemBpQ==,0,0,0
200658,ZG90YTg1Nw==,0,0,0
200659,57+O5oG2,0,0,0
200660,5bCP54mb5ZCb,0,0,0
200661,5b6u54yb5YWI55Sf,0,0,0
200662,5omL5LiK5pyJ6ICB6JmO,28,4,0
200663,5oqWTQ==,148,89,0
200664,WUYyMg==,0,0,0
200665,5rip5py15pav,2,0,0
200666,6Zi/5pav6aG/NjI=,0,0,0
200667,5aeT5ZSQ5ZCN5ZCJ5a2X5Y+v5b63,0,0,0
200670,TmVudHJvcHk=,3,0,0
200671,56We5aWH55qE5aWz5Y2a,0,0,0
200672,5peg6ZmQ44Gu5L2O6LCD,0,0,0
200674,5p2J55Sw4p2k,0,0,0
200675,QW5u6YWx,6,2,0
200676,S0VZLVRL,0,0,0
200677,5aKT5YWI55Sf,0,0,0
200678,5Za15pif55qE5qmZ5a2Q,2,0,0
200679,5ZC+562J5YmN5pa557ud5peg5pWM5omL,1,0,0
200680,6ay85oCS5bedS2ludWd3YQ==,42,2,0
200681,562J56a75a2Q5p2/5qCX,0,0,0
200683,5aSn6b6E5Lit5LqM5aWz6Z2S5bm0,0,0,0
200684,5pyb5rW355qE6LKT5ZKq,24,6,0
200685,5q275Lqh6aKG5Li757uI54SJ572q5YiD6ZiB5LiL,12,0,0
200687,5b6F6ZyE,0,0,0
200688,YWdpbmNvdXJ0,0,0,0
200689,TmV4dXPpgIbovaw=,3,1,0
200691,5pyI5LiL5rWB5Li9,0,0,0
200692,UHVtcGtpbkR1bXBsaW5n,2,0,0
200693,5qSO5bSO5pyI,0,0,0
200694,54aK5a2p57q4,0,0,0
200695,6bih6IW/5peg5qC3,0,0,0
200696,6JiR6I+H5YyF5a2QYW1u,0,0,0
200697,5rW35Lit6L+H5a6i,0,0,0
200698,aHlwZXJjaXR5,0,0,0
200699,5rGQ5rGQ5YG2,4,0,0
200700,U0hhd25R,0,0,0
200701,cG9rZXLnjos=,0,0,0
200702,c2FuZ2dnZ2dn,1,0,0
200703,5Ya35pqX6aOO,0,0,0
200704,5ZCO5a6r55S35Li76KeS,2,0,0
200705,5raC6bim5Li26buY6buY,0,0,0
200706,5bm057OV5YW954m55Yir54ix5ZCD5Zui5a2Q,261,0,0
200707,6IqC5pON5ruh5aSp6aOe55qE5YmN6L6I,17,1,0
200708,5piv5L2g5qKm5Lit5oOF5Lq65rm/5rm/,0,0,0
200709,LUt5by0=,0,0,0
200710,5ZOH5ZOI5ZOI5ZOI5ZOI5ZOI5ZOI5ZOI,0,0,0
200711,U0Zx,0,0,0
200712,VGlrbw==,8,0,0
200713,YXdvbw==,334,15,0
200714,6buR5rSe5peF5Lq6,3,0,0
200715,5rC057SL6Zyy6Zyy,5,0,0
200716,576e5oCv55qE5rij55m95ZCb,1,0,0
200717,Vmlja2HokI0=,1,0,0
200718,QXJha2Vu,132,27,0
200719,5LiK5Yac5Y+v,0,0,0
200720,5Lyv5YWL,1,0,0
200721,YmlsaV8yMDA3MjE=,0,0,0
200722,6LSm5Y+35bey5rOo6ZSAMjAwNzIy,3,0,0
200723,5rGg55Sw5Y2D6bmk,1,0,0
200724,Umlh,0,0,0
200725,dGlhbndlbnh1ZW5hbg==,1,0,0
200726,U2hlZXBZaTE5OTM=,17,11,0
200727,TWVyYWt1dQ==,1,0,0
200728,6Zuo5Lit55qE5aSq6Ziz,0,0,0
200729,6ZOy5bGO6ZOy5Ye65Liq5Za1,88,30,0
200730,U0Lnhorlj5Q=,1,0,0
200731,dmFu5qC3,0,0,0
200732,6IGU6YCa5aeo5rSe,0,0,0
200734,R2lhbnRSb2JvdA==,0,0,0
200735,6L+Z5omN5LiN5piv6ams55Sy,0,0,0
200737,a2FtaeOBrklE,4,4,0
200738,5oiR5Lmf5LiN55+l6YGT5Y+W5ZWl5aW95LqG,0,0,0
200739,6Zeq5YWJ6Zi/54u4,2,0,0
200740,5YWD6b6f,1,0,0
200741,eXloMTIz,0,0,0
200742,5bKa6Zuo,4,0,0
200743,6L+Z5LmI5ben5L2g5LmfQ0rllYo=,0,0,0
200744,6KGX5aS05rm/5Lq6,0,0,0
200753,5Y2W6JCM44Gu56We,0,0,0
200935,6Im+5bCU6JCo5Li95Lid,1,0,0
201041,5bq35aic5Y2h5aeG5ZK/,36,5,0
201130,55uW5rOi6I+cUGFuUGFu,21,14,0
201134,5LqU5pyI5q+b,77,38,0
201463,5Lul5YmN,0,0,0
201523,6YeM5aWl5bCU,3,0,0
